2.359859815820583
2.3410359108541505
2.322213168261831
2.3033927497612243
2.284575815758129
2.2659227114274088
2.2474970561878824
2.229224794425976
2.211140218164875
2.1932511739782696
2.1755725200878175
2.1580004806028876
2.140603335800816
2.123514005786741
2.1066596565713596
2.089974093053894
2.073561511459535
2.057572653910888
2.042063618196522
2.0270127872110875
2.0124932494173153
1.998576291035704
1.9852886845299738
1.9726785860540001
1.9605742587729742
1.949389439345337
1.9388466911218623
1.9288462125518349
1.9193664163998831
1.9104416315028163
1.9020077565852878
1.8940099017618415
1.886287568785564
1.8788209185149367
1.8718094981560514
1.8652930876705571
1.8593023782055653
1.853739855364083
1.8486693045793052
1.8440113975716088
1.839813862880323
1.8361583753075106
1.833216026113246
1.830935595250719
1.829284432055498
1.828186265887981
1.8279264956693067
1.8284429370820945
1.8297816453266529
1.83194498830176
1.8347814741351847
1.8382252474952898
1.8425899169666349
1.8477331916415787
1.8534617844208459
1.8596567216890247
1.8662975250598777
1.8735115195171437
1.8813980553015635
1.8898084758159002
1.8986751022674881
1.9080925996163731
1.9178711197478457
1.9282790244505537
1.9391800205242151
1.9506605549066367
1.9625006040252737
1.9745702585493072
1.9870159843836555
1.9998713532383554
2.0129368681518387
2.0262891075552125
2.0399793685176264
2.0540338957157105
2.0684908148626913
2.0833210015764507
2.0984681412072717
2.113939346157207
2.12979011864224
2.145924025302395
2.16235302080853
2.179004698646233
2.1958636641330282
2.2130910743858245
2.2306610052405995
2.248496795862583
2.266647312213639
2.28509429160797
2.3038320592180916
2.3228377511405514
2.342075144148532
2.361805739217012
2.3819196722981477
2.402401131388403
2.423074480367095
2.4440993388064287
2.465418069572674
2.4869958259778078
2.5088415517510487
2.5308659432504768
2.553075392704373
2.575621718916084
2.598417731295661
2.6213675646798076
2.6444682741998498
2.6677236583284674
2.691195761350425
2.714922172197778
2.7388156877404763
2.762837990947722
2.7869576292987808
2.811148643320276
2.835469073523924
2.8598325827382727
2.884294731274583
2.908982651695763
2.9336863258806085
2.9583846133554084
2.9831567736372295
3.0080192907750627
3.0329449122717933
3.0579774131007116
3.083040595024226
3.1081369794560576
3.133259329628554
3.1583666271932858
3.183449043894754
3.2085281100771827
3.233634110392891
3.258804274911106
3.2840458846968428
3.3093160503853523
3.3345821816820758
3.3598397553892934
3.3851195984347693
3.4104938511171756
3.4359121907781
3.4613008700453913
3.4866809801715175
3.51209516879101
3.5375119460098046
3.562930507177214
3.5883141897241226
3.6137137220050657
3.639097374868165
3.6644269095281845
3.689729428471927
3.714980180255688
3.7401834669703917
3.7653917087499233
3.7905293597340814
3.815572240789805
3.8405613235961282
3.8654570772651557
3.8902594796150236
3.9149954321648193
3.9396977965116173
3.9643390039362667
3.9889092438970635
4.013412651789177
4.037847122772052
4.062236325068833
4.086542699508891
4.110769172079966
4.134914885202198
4.158970869201689
4.1829630714142185
4.206859885400696
4.230661015411468
4.254381693369529
4.278020181383838
4.301598391324937
4.325117627385943
4.348565549675327
4.371941345761307
4.395232984631311
4.418475781338241
4.44165968200527
4.46475318702237
4.48776673914268
4.510715932145373
4.533587318330027
4.556381478202619
4.579086210971351
4.601704690768379
4.624245093257033
4.6467077038798195
4.669095225965999
4.691397744990791
4.7136113555443675
4.735736437341298
4.7577881082400975
4.779770526708683
4.801674907361222
4.82349208608656
4.845222442091601
4.86686635416027
4.888424200615191
4.9098983990063205
4.931293516470858
