2.300861741744712
2.2851194261877725
2.2693781186245396
2.2536388264387246
2.2379025557951717
2.2221703110333726
2.206443094064404
2.1907219037725216
2.1750077354224646
2.1593091474838033
2.143648593148423
2.1280430820873337
2.112589193525573
2.097384126054742
2.082616760789161
2.0682527707014837
2.0542885997091385
2.0407800466028476
2.0276785797347707
2.0150713701366145
2.002893780819367
1.9910386978158057
1.9795525836449561
1.9683950643243615
1.9574796657021352
1.9468670825261059
1.9365388401499535
1.9264581696168102
1.9166368146829302
1.9072640491177246
1.898347914870706
1.8898666056250033
1.88188641383847
1.8743394107290487
1.8672617603161354
1.8605617612405139
1.8544164505956382
1.8488617063805142
1.8437357011351045
1.839067422121224
1.8348677393483224
1.8310653155552628
1.827718840763081
1.8248077293011775
1.8222997337375446
1.8202838310358012
1.818751222729398
1.8176541245421414
1.8170482608548426
1.8168744078718355
1.8171162153204603
1.8178424800386859
1.818985842370397
1.8205642875707557
1.8224801713054477
1.8246901172944034
1.8272038263747175
1.8301341581868864
1.8333900023815852
1.8369718535539732
1.8408726589859672
1.8450630819820666
1.8495302250660355
1.8543249044929584
1.859402292011467
1.8647599748389727
1.8703298272076507
1.8761199716458898
1.8821695097992732
1.8884439510921167
1.8950523608774419
1.9019809321616201
1.9091329200687956
1.9165062968067361
1.924109560285646
1.931993913944894
1.940066662855857
1.9483522415232775
1.9568563020667522
1.9656512233414487
1.9746533778535968
1.9839012143926538
1.9933577721281683
2.0029546796698523
2.01269940978983
2.022644776318509
2.0327644256559716
2.0430703328991355
2.053517732313816
2.0641239326672127
2.0748502957145853
2.0857156650981814
2.0967248597623693
2.107855538940084
2.1191311417804557
2.130597554946153
2.14222547354424
2.1539807589541433
2.165889072016868
2.1778963036913397
2.190039018210706
2.202295792111121
2.214682019124528
2.2271900867998737
2.2397905396129794
2.2524886730780924
2.265295361501493
2.2782252204867293
2.291232372689663
2.3043417368608816
2.317555216140542
2.330857877475313
2.3442882372259537
2.3578332902871066
2.3715174615591437
2.3852908682385645
2.399176951150298
2.4131515015920897
2.4271947189878462
2.441304337258148
2.455490867146557
2.4697902036875665
2.4841452850259738
2.4985757994684348
2.5131194345567907
2.527741275537895
2.5424260733080475
2.5571293766146974
2.5718898641587797
2.58669790443687
2.6015514621228277
2.6164764150955957
2.6314837857668634
2.6465677708620152
2.661710606577277
2.6768979547053178
2.6921260458022416
2.7074088039482116
2.722765328924455
2.738140806699305
2.753556196450033
2.7690020596579035
2.7844755614610444
2.799989167276301
2.815540976876025
2.8311301472552852
2.8467719039597283
2.862460902283602
2.8781966356351254
2.8939686143032723
2.9097797229692786
2.925630486558152
2.941542201786173
2.9574709511271475
2.973430943580951
2.9894433056605347
3.0054870317238005
3.0215551506915097
3.0376672640588045
3.053820574239455
3.0700309909621195
3.086267330318774
3.1024898815837054
3.118731983029104
3.1349829013367168
3.151247927625599
3.167518986955678
3.1838141995655826
3.2001372640017274
3.216459776238869
3.232789366014426
3.249115695396533
3.265475482780144
3.2818434255699884
3.298221364525397
3.314615684931855
3.3310094103469474
3.3474140966797745
3.3638133960673824
3.380233432835159
3.396634493792418
3.4130422497172463
3.4294304809204292
3.445805741875423
3.462169802855623
3.4785345978982884
3.494896224790434
3.5112518934931085
3.527596830951824
3.543919147449307
3.560215940633838
3.5765033135446758
3.5927900735468667
3.6090738727647937
3.625336772879206
3.6415737620404607
3.6577933296027414
3.674003469639343
3.6902214606414723
3.7064317624359244
