2.300861741744712
2.289878065335988
2.2788945908187337
2.2679115200593563
2.2569290548741
2.2459473970040293
2.2349667480899833
2.223987309647599
2.213009283042371
2.202032869464769
2.191058269905403
2.1800856851302863
2.1691153156561658
2.1581473617259324
2.1471820232841567
2.1362194999527033
2.1252599910064838
2.1143036953493275
2.103350811489972
2.0924015375182172
2.0814560710812136
2.0705146093599147
2.0595832921245445
2.0486752573526963
2.0378078241164244
2.027007678660054
2.0162686772047844
2.0055754268486194
1.9949398162194334
1.9844452309593812
1.9741001403711738
1.9638805328745514
1.953821873698919
1.94391504104489
1.934223204124763
1.924688083775033
1.9152933558627472
1.9060687335641364
1.8970043686447318
1.8881030756781323
1.879367982582854
1.870795966076656
1.862343693749203
1.8540840197750093
1.8460076104804406
1.8380999550872952
1.8303356502851043
1.822676562744951
1.8152032720510833
1.8078781656617116
1.8007028517240138
1.79365508141113
1.7867525409640814
1.78000957588963
1.7734213417137041
1.7669808235920599
1.7606882773530672
1.75454677274365
1.7485799038408334
1.7428033857021985
1.737256715851974
1.7319347033478099
1.7267337840228905
1.721688974956645
1.7167876029564126
1.7120719984512802
1.707496985630314
1.7031213842285124
1.698953359511221
1.6949530605102359
1.6911880896340883
1.6876296098480774
1.684271720782337
1.6810857563583652
1.6780247036276614
1.6752126273915975
1.672547339130153
1.6701134428748932
1.6678691588832733
1.6658431399821307
1.6640414343049188
1.6624602556799504
1.661062431558035
1.6598212924854048
1.6587270250258288
1.6577848895858054
1.657046186870806
1.6565474102095228
1.656250823812676
1.656154249472286
1.6562108380141902
1.6564451317114564
1.6568763559170494
1.6574695490695932
1.658260958693588
1.6593115960918055
1.6605828331522907
1.6620254480340557
1.6636311945545956
1.6654307048811656
1.6674380132645252
1.6696328047568252
1.6720617186634597
1.6746585432417234
1.677412218915652
1.6803545694103286
1.6835077120180835
1.686880190431294
1.6903876940372706
1.6940820088876802
1.6979632532084075
1.7020258146675002
1.7063029904634543
1.7107717696387224
1.715447436113429
1.7202997467561145
1.7253522259609742
1.7305852524671754
1.735976040039377
1.7415349384760817
1.7472433821134736
1.753153416787188
1.7592166883153681
1.765451526075623
1.7718955225634903
1.7785010248381072
1.7852616555834289
1.7921237807454702
1.7991307851450071
1.8062800887507493
1.8135660631166397
1.8210348571301298
1.828683289285
1.836502734046293
1.8444694000518005
1.852577599602253
1.8608079002372384
1.8691776313480721
1.8777125263951577
1.8863468360682714
1.8950972874252585
1.903960616925934
1.912921043453814
1.9220015204372913
1.931193226367435
1.94049878482067
1.9499503426168021
1.9595338967515414
1.9692514853113072
1.9790873252840089
1.9890493255714279
1.9991314666727664
2.0093740630386154
2.019711619831509
2.0301639569242433
2.0407593522037595
2.051470121137977
2.062285445234683
2.073227258327058
2.0842877289243047
2.0955008366131045
2.106811756040494
2.118167135561783
2.12961777473066
2.1411432850930505
2.1527503312019833
2.164431318912702
2.176213066657605
2.188100760801809
2.2000514343810162
2.212075941163387
2.2241510747452655
2.236337316975234
2.2485972289679967
2.260930300983874
2.2733485689041695
2.285827249607244
2.2983833221105483
2.310987481154025
2.323682802287457
2.336408788755638
2.3491998478839475
2.362020488723884
2.374880519979061
2.387775457771804
2.400728543881691
2.4137347237086844
2.426789468440356
2.4398852760329404
2.4530039707667353
2.4661408593138248
2.479319757800211
2.492553540231013
2.505838349162667
2.5191469429193223
2.5324714709825766
2.5458243361116697
2.5592171996343627
2.572675651012131
2.5861760532328226
