4.760913425273029
4.747303514001491
4.733693878378941
4.720084793943686
4.706476536012869
4.69286937957241
4.679263599167499
4.665659468793932
4.652057261790397
4.638457250731946
4.624859707324821
4.611264902302834
4.597681902586556
4.584111327588018
4.570548134811147
4.557008042102725
4.543478197447857
4.5299823284777405
4.5165667780265
4.503255264903884
4.4900973423406185
4.477086812159747
4.464223199132816
4.45153060229863
4.439058571486947
4.426786287231726
4.41464076345102
4.402608787698721
4.390674826898361
4.378831501971712
4.36705378038803
4.355372239283259
4.343765262513189
4.332198593671387
4.320663640776112
4.30916850692979
4.297719676195432
4.286301367279466
4.2749086596848915
4.263532674590851
4.252168804295938
4.240813850347249
4.2294748456981575
4.218148236682223
4.206830312396486
4.195521234491384
4.184230177329475
4.172950331201511
4.161679791894081
4.150418712015849
4.139167241969968
4.127925529960792
4.116693722002065
4.105471961926472
4.094269521186352
4.083083641564927
4.071908215644942
4.060743378464792
4.049589262949712
4.038445999928079
4.027313718148636
4.016194502828322
4.005097748683162
3.9940157996557484
3.982959037599158
3.9719378453563694
3.960942643519143
3.949973403639655
3.939019674490188
3.928091027071937
3.9171959024308802
3.9063804512366733
3.8956415080450704
3.88495994614204
3.8743107874219738
3.863728664883745
3.8531735035190877
3.8426706551123897
3.832223395344203
3.821842459428276
3.8115225415359095
3.801260059613469
3.7910673787392706
3.7809630917532466
3.770937856686638
3.760992159974017
3.7511104818983467
3.741337938643241
3.7316434533802205
3.7220617219637173
3.712589197630561
3.7032244309394615
3.6939445354401776
3.6847662883809176
3.675636510548125
3.6665464350712496
3.6575341222786686
3.6486442975145588
3.6398459746992153
3.6311340892236217
3.622494580032231
3.613915807108575
3.6053975117303336
3.596971794335459
3.5886536352718714
3.5803866025870503
3.5721583617132455
3.5640038219524737
3.5559409354555767
3.5479745740158233
3.540079707393988
3.5322514207785307
3.5245182488979583
3.5168770810105507
3.5093508031549954
3.501909109412068
3.4945151398426306
3.487185366552128
3.4799448919250153
3.4727834230021863
3.465717858428091
3.4587601543993483
3.4518897690910975
3.4451065299283625
3.4383818933497357
3.4316965535143216
3.42509831263775
3.4185904319713005
3.412183444540718
3.405882609834033
3.3996649934147083
3.3935036559863248
3.3874192826555753
3.3814122208240254
3.37553587689982
3.3697596759504784
3.3640664639263957
3.3584310432323052
3.352843146299481
3.347327851820543
3.341921013104116
3.3367510470239283
3.331698948281022
3.3267156536140208
3.321820032823845
3.3169678234673445
3.312188831002777
3.30745373366883
3.3028229301821086
3.2982779121508288
3.2937847540641463
3.289371998761181
3.285092319324318
3.280867267740515
3.2767505409291404
3.27269582068481
3.2687169567941754
3.264838495728273
3.2610243061243245
3.2572788783117392
3.253607260220381
3.250048362304258
3.246592983583776
3.243197763082944
3.2398987371826666
3.236711804984288
3.2335856225707986
3.230504235880977
3.2274985725650662
3.2245613536490016
3.2217331803945894
3.2190362675488786
3.2164825301461057
3.214042507965089
3.211682635964177
3.2093934198901555
3.2071883954102725
3.2050435354215576
3.2029651992403165
3.2009474407769214
3.1990027264062686
3.1971631310558504
3.1954313616967136
3.193773304351441
3.192192231407567
3.1906729483893654
3.18919903607216
3.1877917438393415
3.186447824805066
3.1852143374478588
3.1840595386261232
3.1829807021282166
3.181983155259202
3.181058333854878
3.1802092177620067
3.179432296544689
3.1787579090178095
3.1781613756173965
3.17763566971808
3.1771529785510366
