4.760913425272994
4.736898494791765
4.712888229772101
4.688887240925372
4.664918136995997
4.6411715679555146
4.6178199307445285
4.594994971133357
4.572684839767871
4.550824816039256
4.529233971656158
4.507871618718809
4.486703349700672
4.465689151615135
4.444854052439761
4.42421426357841
4.403815185499521
4.383651124757701
4.363696750346781
4.343871196698727
4.324191349941964
4.3047143639497145
4.285469846398931
4.266389816343594
4.247496829778012
4.228825924729794
4.210409397432006
4.192221898327455
4.17429305099434
4.156631510213316
4.1392218331088
4.121994339562436
4.104983871201304
4.088205522779211
4.071667790202182
4.05539379418845
4.039365899469059
4.02356512258979
4.007963205943178
3.9926447080201273
3.9775254822181343
3.962642191472488
3.9479730405467004
3.9335008150425446
3.9192332218050145
3.9053482677196922
3.8917427213465734
3.878412844886904
3.8652861928267095
3.852425013907302
3.8398278472191434
3.8274443481830214
3.8153801746060814
3.8036418496759072
3.7921706231498478
3.7810323161801884
3.770196199438539
3.7596213660391262
3.7493724747865227
3.7394210764151503
3.7297620186180915
3.7203478174342095
3.711167939902287
3.702314794713546
3.6936704343780913
3.685244877135314
3.6770747995148927
3.669227947043126
3.6616428356991406
3.654290216982563
3.647116964105696
3.64014802150103
3.6334415534970153
3.6269785598713193
3.6206900583309394
3.6145885966405102
3.6086580541015603
3.6029051504537133
3.5972979842189026
3.5918741504345038
3.5866569554421592
3.5816240373355215
3.5767655079081804
3.5721010130516038
3.5676099536588013
3.5632851176869207
3.5591278719575756
3.5550936662977937
3.55120833934726
3.547542686934512
3.5440676578390122
3.540749576579446
3.5375632637229533
3.534531360862949
3.5316882126607836
3.5290450034000114
3.5265744470085854
3.524248197199406
3.522050986148763
3.520079994165545
3.518299594501099
3.5167006569050425
3.5152604765620525
3.5140312943589396
3.513004350564427
3.5121476550976203
3.5114220065008066
3.510824617793549
3.5103635979387096
3.510043430202962
3.5098478802973765
3.5098086689273704
3.509953362446024
3.510260777407712
3.510708919183436
3.511298482940766
3.5119900471762837
3.5128553068049655
3.5138247591223437
3.514891500026275
3.5160626601828606
3.517353664800058
3.5187764000100605
3.5203352304418454
3.522060640576784
3.523915555196374
3.5259305888583117
3.5280502866057564
3.5303189087744045
3.532751119611841
3.5353042152669887
3.537952237908814
3.540709647100911
3.5436019751268684
3.5466140837246827
3.5497277500170092
3.5529397223520656
3.556226090548275
3.559620345271042
3.56312801287085
3.5667149450901516
3.5703965506238826
3.574182524196108
3.5780658976495587
3.582068774256289
3.5861612965004226
3.590379093861043
3.594694763022473
3.59912827728288
3.603622882150057
3.6081994191156332
3.6128708366589755
3.6176307563701697
3.622468386390326
3.627370615648196
3.6323318909388393
3.6373617247848604
3.642458879949967
3.6476228767553738
3.6528554078601982
3.6581533301869125
3.663487793133639
3.668856292681798
3.6742734763818565
3.679731835888053
3.6852102288734456
3.6907206762470937
3.6962585615458163
3.7018165200444444
3.7074230283736846
3.713085985958813
3.7188104042912102
3.724584460039135
3.7304119986671798
3.736287387201851
3.74220550771816
3.7481604879153427
3.7541704605361783
3.7602164144092467
3.766327954059731
3.772497513416706
3.7786978016288013
3.784931873505374
3.791212801969049
3.797506313411314
3.8038399413708666
3.8102248909003418
3.816629115145206
3.8230821656859786
3.829573462987925
3.836112429361264
3.8426902940126753
3.849295419957518
3.8559070171091427
3.862531347202534
3.869183118500427
3.875853665453207
3.882552176759168
3.889266244214341
3.89603759029758
