4.5110487345429044
4.486751983884246
4.46246080604286
4.438180748085635
4.413917306052136
4.389675900606642
4.365461854038622
4.341280368981154
4.31713650915428
4.293035182370357
4.269054748848833
4.245195570394774
4.221563045487743
4.198191761004731
4.17522343535636
4.152713201329646
4.1308766606831355
4.1094607158202185
4.088591323149753
4.068236798280743
4.048354370025886
4.02910959597259
4.010411882057582
3.9923936191897593
3.9750827618854556
3.958430966919104
3.9428082910820668
3.9281285368339884
3.914386136325417
3.901521199649496
3.889359755616352
3.8781153738237824
3.8677088058139613
3.8581050811744064
3.8493367086053416
3.8413271903978785
3.8341181707518204
3.8276780591433823
3.8219506917693424
3.8168946613889205
3.8125713170851947
3.808819161171934
3.8057945084934772
3.8032490718809235
3.801390437743503
3.799948097824197
3.7990540680775218
3.798794671397987
3.7991379042953297
3.7999734802759972
3.8013175739531255
3.8031989997552307
3.8056159152160673
3.808457525857574
3.8116273728080166
3.8152335554766172
3.819332714274349
3.8238898624102067
3.8288254589431774
3.834161221149378
3.8397864975485216
3.8457589229614477
3.8520280567469443
3.8585926100265984
3.86546689039705
3.8727115358428823
3.8803589328390258
3.888246544345115
3.89643927413315
3.9050350472124724
3.91402549669232
3.923355246297329
3.9330291707197107
3.9431888212608697
3.9536820396595203
3.964593628865694
3.975873322773848
3.9873813276937664
3.999096578130556
4.011064368614708
4.023373287999903
4.03592133587016
4.048771216074151
4.061906039588579
4.075264070111959
4.088828562636876
4.102622465678626
4.116713208585993
4.131014898186023
4.1454963649738525
4.160148112673731
4.175034982695628
4.1900871758297
4.205277371041448
4.2206091571625235
4.236104260590441
4.251731920390498
4.267465828953782
4.283296576853636
4.299226010404983
4.315287485306809
4.331407889758912
4.347615354668982
4.363901651959858
4.380302946007969
4.396752229995573
4.413285381091057
4.429885360234515
4.446494646980387
4.463181767004995
4.479920630845534
4.496791402936238
4.513762935368396
4.530789561904701
4.54783624023396
4.5649402951120654
4.582079381091464
4.599250510171874
4.616484514893403
4.633722781830793
4.650932357164147
4.668177420248062
4.68550083157965
4.702865214148658
4.720223309576346
4.737582597074182
4.7549621628366445
4.772399089325247
4.789939727554883
4.807548964598753
4.825216571246415
4.842849230842809
4.860453360466832
4.878032203196558
4.8956399588202695
4.913366753761513
4.931178930466413
4.949033590547412
4.96692555813263
4.984819767027731
5.002729753069917
5.02067216127384
5.038628733476976
5.056606876349437
5.074623580810445
5.092657118260016
5.110690509172852
5.128719334830285
5.146768732746364
5.164834469110301
5.182909522900892
5.201004012119899
5.219093727102753
5.237204056985274
5.255375240962237
5.273611624112456
5.291902554745479
5.310188643046255
5.328460034340337
5.346714477947448
5.36495375571077
5.3831565916480555
5.4013742415355095
5.419621428472704
5.437828283565798
5.455994728541092
5.474139031437537
5.492281119741519
5.510410347136971
5.528553674776525
5.546731564562858
5.564875009980973
5.582989277427304
5.601061497651464
5.619116443535027
5.637115822833549
5.655086803751269
5.67302919990912
5.6909345376941385
5.708819312391547
5.726686785650093
5.744524367047809
5.762375229229204
5.780207666436034
5.798034889589656
5.815871878347477
5.833660564488055
5.851406383558464
5.869118064612513
5.886798637210484
5.904436461488385
5.922075049508914
5.939678911303272
5.957252650715459
5.974812664637049
5.9923563451865585
6.009878634174019
6.0273908864990595
6.044863432752177
6.0622951955313775
