2.325847611392055
2.3139824965204623
2.302464270710216
2.292118034090219
2.2823405261821073
2.2727132409727564
2.263127483422811
2.253549884214585
2.2439781404569987
2.234413077652454
2.2248577919502264
2.2154291042413305
2.206330585421871
2.1977005106751633
2.189647587898786
2.1822616054738893
2.175718863584272
2.1699763020979934
2.1649937215842745
2.160626085634596
2.156868677024698
2.153512917003335
2.1506220030572165
2.1481459406296195
2.1459325254624275
2.1438813517856015
2.142094054385089
2.140656680427848
2.1395633926268625
2.1387910202433194
2.1383407963784755
2.1383879165923947
2.1390007922813212
2.1401118197243876
2.1416838275093126
2.1439297882150283
2.1467151737002963
2.1501905254206557
2.1542068607510445
2.1588270058455508
2.1641476524043823
2.170332480064406
2.1773144830871143
2.1850492830369905
2.193633454830442
2.2028684241428453
2.2128070936278563
2.223206863219384
2.234062093856374
2.2455029605290764
2.257444268716678
2.2698290348925143
2.2826389150296604
2.2958363209933044
2.3093336067338255
2.32314893867533
2.3372498850124135
2.3518978632518706
2.3669787280988404
2.382433525586843
2.3981592663989666
2.4140615902006513
2.43021966777588
2.4466627881055185
2.4635472487948284
2.480803866550871
2.498370700109929
2.516221896921175
2.5343594849537836
2.5528059261821965
2.5716922038981043
2.5909368477894303
2.610394072969855
2.6301474897790094
2.6501701379417706
2.6705833035662367
2.6913083311308186
2.7122113953693927
2.7332102981931867
2.7544726354051643
2.7758986084154094
2.797524932597793
2.8194086664459523
2.8416707388273243
2.8643099697328904
2.887117919536914
2.910296563533756
2.933731857462525
2.9574251402096636
2.981290151348603
3.0054115032545776
3.02984460921958
3.0544488260098728
3.0793222041733412
3.1044992968093688
3.129953019393476
3.155646575755183
3.181484341180274
3.207582166490491
3.2338182075720936
3.260166726530678
3.286638986685919
3.3131927771817073
3.3398595861202347
3.3666392009730903
3.3934965609627166
3.4204582704265327
3.447554400916474
3.474689941365008
3.501826676332808
3.529074674256948
3.5564368513829434
3.5838560303930325
3.6113474166452386
3.638941872563035
3.6665500962026165
3.694193193300164
3.7218664039011435
3.7495500551113077
3.7772479379777293
3.8050557288479423
3.8328254527013734
3.8606054808182484
3.8884341173122174
3.916329275590313
3.9442092056642792
3.9720462229539946
3.9998850330467253
4.027675351192286
4.05546693783781
4.0832334287234975
4.111026977023135
4.1388107222047035
4.166539727060494
4.1942377411092435
4.2218927785146425
4.24947101651673
4.277019871998835
4.304488595403638
4.331927059599816
4.359373739016139
4.386789411558484
4.414097591547732
4.441311269557548
4.468480119657753
4.49559777064693
4.522655847727038
4.549662377991228
4.576562382745518
4.603383048366459
4.630110300467453
4.656761884269406
4.683324155676852
4.7097864765169115
4.73617956730918
4.762499905450194
4.788715860283455
4.814890493722595
4.841001306149213
4.867041852429145
4.893013181454012
4.918887599760639
4.944675367930184
4.97036509154587
4.995968061316213
5.021483107482789
5.046914519489747
5.0722556398015755
5.097499275584312
5.122670415934649
5.147746943491057
5.172723485832859
5.197604842042148
5.2224132223288935
5.247132485666089
5.271782204872316
5.296344770855458
5.320830990843424
5.345219585510124
5.369510949743608
5.393705478881651
5.417803568648008
5.44180561509031
5.465712014519695
5.4895231634519766
5.513239458550437
5.536861296570156
5.56038907430386
5.583823188529244
5.607164035957766
5.630421533896656
5.653601005638092
5.676688323965278
5.699683885044646
5.722588084742505
5.74540131858182
5.768123981700236
5.790756468809312
5.813299174154945
5.835752491478946
