2.5409395216257717
2.513640752162181
2.4863502985296178
2.459076389032488
2.4318825637064467
2.4049950766205552
2.378640448300135
2.352940524620267
2.3276741566580443
2.3027374328408907
2.278103116885511
2.25383432328038
2.229857401822676
2.2061218302972945
2.182647868914493
2.1596081688557516
2.1372272933579084
2.115500435488369
2.0943675284616305
2.0738678741409338
2.05417043907084
2.0353569471362722
2.0172717467280976
1.9998110914519889
1.9830176841978606
1.966811556065026
1.951074892104951
1.9359268102647589
1.921362002178865
1.9074510626769912
1.8942609319789134
1.8817487253243352
1.8699661719279888
1.8589084760307075
1.8485158590533914
1.8387772167662486
1.8298446099329517
1.821594692681557
1.8141132654284358
1.8074155114676007
1.8014079730008519
1.7960514992969643
1.7912395558546348
1.7869752208053038
1.7834057906767593
1.7804178786512928
1.7779668780092075
1.7761317782528105
1.7748795965295217
1.7741732172089049
1.7740729062399763
1.7745960676416341
1.775564354546312
1.7770070272822542
1.7788759539953394
1.781165302759431
1.7839830684500775
1.7872087457067172
1.7908497484060482
1.7948602154258688
1.7992809658633189
1.8040442497282243
1.8091749226271276
1.8146510732169925
1.8204966229498019
1.8266530167603499
1.8331845712332588
1.8400200613884825
1.8472406346852168
1.8548913757484224
1.8628448739581192
1.8711417328908297
1.8797550523778659
1.8886042602764863
1.8976674331079453
1.9069991085559415
1.9166865146189642
1.9266610151689747
1.9368984302396317
1.9473874412737435
1.9581487966792699
1.9690913693751126
1.9802527576013937
1.9916043149772114
2.0031252229539747
2.014783252569486
2.0266436339056497
2.0387218103552422
2.0509640700399667
2.0633783748003673
2.075952938702526
2.08868642826292
2.10159919263191
2.1147678628465183
2.1281154145185486
2.1416574785933875
2.155296848150475
2.1691226721565524
2.183072505728137
2.1971539712081
2.2113290006214106
2.225644811610693
2.240039617178757
2.254555448503815
2.2691753880409853
2.283866208715319
2.2986865921458017
2.313661898583109
2.3287970997732925
2.3440245883532778
2.3593566116169926
2.3748039542595696
2.3903779807868095
2.4060374577184276
2.421757120899558
2.4376138308315523
2.4535519302284765
2.4695429179830497
2.4856312340935527
2.501820138413552
2.518124481879267
2.534539799475124
2.551025193910093
2.567510636731607
2.5839764320673804
2.6004843529862507
2.6170515255795963
2.6336910140547785
2.6503790266972835
2.6671431452320005
2.68395533391918
2.700810600942501
2.717727971090089
2.7347031641023913
2.751758945430848
2.76886807438369
2.7860047207798386
2.8031798754659825
2.820417006194961
2.8376823474810533
2.8549640941780683
2.87226531609719
2.8896306513317684
2.9070807577106312
2.924588448885377
2.9420944412522134
2.959602587595296
2.9771422747343546
2.9947254303929043
3.012343084670011
3.0300154433973083
3.047720871885134
3.0654516363175612
3.0832140387561013
3.1010143215916193
3.11883864336052
3.1366868639198247
3.154560632718724
3.1724752509621794
3.190389840329588
3.208322392539193
3.226285275711642
3.244261243842673
3.262271390883593
3.280280384926678
3.2982863079930356
3.3163097712972696
3.3343448712623234
3.352377753359853
3.3704081135717825
3.388441620553605
3.4064751995684794
3.424528487420013
3.442584599244052
3.4606284419733653
3.478649233534952
3.4966534873851893
3.51462080592529
3.5325498065850587
3.550479683844779
3.5684067965091155
3.5863320000585017
3.604257865237702
3.6221852420504783
3.640094070547404
3.6579903543655563
3.6758753509171327
3.6937424197224438
3.7115872632797475
3.729395486903727
3.747186588151423
3.764944994418522
3.782676938126174
3.8003960890705866
3.818089546571651
3.83576167671019
3.8534137550470997
3.8710469942293084
3.888643383550444
3.906213040258658
