2.540939521625771
2.522505686021068
2.504073537384814
2.4856447563556245
2.4672210110264627
2.448803950952037
2.4303952014795507
2.4119963584899597
2.393625039225399
2.3753257817629536
2.3571693725034675
2.339253837371605
2.321563359912489
2.304056127439797
2.2867352398006076
2.2696420798840413
2.2527385525449826
2.2360249191489396
2.219509504563158
2.2031226517616513
2.186875359074154
2.1707506851665137
2.1547669202648287
2.1389149549597395
2.123158329165983
2.10746153606631
2.0918598849537275
2.076363328088141
2.06096677682797
2.0456763795779667
2.030544758174568
2.0155315252431856
2.0006692732882123
1.985968298899725
1.971448603210738
1.9570962852159755
1.942936054202379
1.9290375560727508
1.9153823681956055
1.9019380164787476
1.8887325060953328
1.8757165188022085
1.862921953491935
1.8503319829076172
1.8379769195976445
1.825819473055027
1.8139053703636028
1.8022456569692062
1.7907664563975974
1.779493195857856
1.768431819242679
1.7576321162899822
1.747048876724132
1.73674186456025
1.726662742426073
1.716816765814941
1.7072725630434973
1.6979773330471273
1.6889586614758962
1.6802275017090629
1.6718180586060394
1.6637003177425833
1.6558392497387868
1.6482428768068513
1.640939469163045
1.6339433754374846
1.6273153718736204
1.6209657934139259
1.6149763437295348
1.6093961535320138
1.6041101294419173
1.599120963662738
1.5944405953817153
1.5900340988780164
1.5858856289300747
1.5820715482139036
1.57856731632591
1.5754441403647186
1.572647804451065
1.5701194917027093
1.5678686584991621
1.5658930866681167
1.5642050516669914
1.5627387407016744
1.561544300106526
1.5605894913724523
1.5599459134175868
1.5596454609087362
1.559621126369571
1.5598450595503706
1.5602937718350256
1.5610020821521937
1.5620179371486802
1.5634106967839998
1.5650759502260274
1.5670247113947466
1.569172887578828
1.5716399160096217
1.5743457237888934
1.5773033823892306
1.580487644773736
1.5839216992488034
1.5875573863913983
1.591443127065462
1.595551820393498
1.599822555424145
1.6043324166117117
1.6091499999786059
1.6142312608440035
1.6195432213921217
1.6250680277008387
1.6308042754165486
1.6367841450259752
1.6429615296435913
1.6493133121719723
1.6559491646353732
1.6627923367479795
1.6698010238882364
1.6770221258405824
1.6844707352429815
1.6921795933594177
1.7001282818255947
1.7082438785838456
1.7164351596069216
1.7246880973310403
1.7330954628669755
1.7416868108288481
1.750466689683378
1.759415806569865
1.7685721255965736
1.7778721337144856
1.7873148762214788
1.7969450415837978
1.8067511239791103
1.816747862871112
1.826906010660433
1.837182893630279
1.8475980626964363
1.8581967940310917
1.8689123137815744
1.8797238415924833
1.8906408402385781
1.9017353625357276
1.913038836395169
1.924507924477197
1.9360539204819478
1.9476809945227591
1.959435030009246
1.9713326166693945
1.983366026999904
1.995564955166952
2.007896339089103
2.0203479725020626
2.03292870743679
2.0456409301184935
2.058459867832354
2.0713933010677428
2.0844368106099562
2.0976192692797055
2.1108799615954914
2.1242420802860154
2.137721311581562
2.15129679206271
2.164999603645485
2.178776193658144
2.192623134498393
2.2065707965059125
2.2206097819602437
2.2347187708170795
2.248896772876397
2.263151761003275
2.2774785970049902
2.2919062140061888
2.3064087666126127
2.3209631010842444
2.3355525341074084
2.3501863295736602
2.364833388679212
2.3794911390267885
2.3942178776347665
2.4090010233426935
2.423846721942982
2.4387596647042717
2.453740646897553
2.468759102585084
2.483823564906328
2.49893545133738
2.5140843361669383
2.5292633117775494
2.5444503283798734
2.559674178128162
2.5749110514912052
2.590169850009212
2.6054706347948247
2.620793614732685
2.636144902312042
2.6515259776821045
2.666938230037808
2.6823542169375316
2.6977886912416755
