2.951381802582711
2.92968229735523
2.908360217537998
2.887039238021688
2.8657199083369584
2.844402777272107
2.8230883926279375
2.801777300974588
2.780470047410834
2.759167175326267
2.737869226166845
2.7165767392042195
2.695290251309248
2.674010296730087
2.6527374068752336
2.6314721101018335
2.610214931509617
2.5889663927407054
2.567727011785586
2.5464973027954816
2.5252777759013245
2.5040689370395186
2.482871287784655
2.4616853251893054
2.440511541630991
2.4193504246664195
2.3982024568930456
2.3770681158179654
2.3559478737341935
2.334842197604256
2.313751548951139
2.292676383756459
2.271617152365873
2.2505742994015594
2.2295482636817483
2.20853947814713
2.187548369794051
2.1665753596143364
2.145620862541618
2.1246852874039974
2.103769036882878
2.082884713740184
2.0620473256484395
2.0412811802690283
2.020557965853367
1.9998720078348442
1.979236435026819
1.9586656003639467
1.938141670372809
1.9176818952794579
1.8972717994262809
1.876970172034115
1.8567880308683637
1.8366752269599322
1.8166166539618038
1.7966299055048756
1.7767128606440008
1.7568553341880904
1.737064083894942
1.717335908679539
1.6976828274388744
1.6781308250004412
1.658727346434173
1.639438900747019
1.620205615604425
1.6010762347664365
1.5820833665057237
1.5631570124053935
1.5443294600233668
1.5255928494602833
1.5069529052637805
1.4884107325370894
1.469991286580244
1.4516961616246178
1.4335431867770898
1.4155108973425776
1.3975738072561856
1.3797774196224852
1.3621331922914732
1.3446926289773722
1.3274145070867818
1.3103285809008205
1.2934400242183957
1.2767732285154878
1.260358788528009
1.2441181352032773
1.228135465753615
1.2124257701873307
1.1969441079748708
1.1816766885744578
1.1667538787369391
1.152145497171853
1.1377818416919068
1.123677840527053
1.1098085685205314
1.0962262138529852
1.0829171981416257
1.0698070287951955
1.056882652084453
1.0442189771405594
1.031740913695199
1.0195009720065042
1.0076210617762398
0.9960169894245982
0.9846933917222236
0.9736570743102501
0.9628587137460838
0.952349592299723
0.942160560489623
0.9322441863496952
0.9224850669449723
0.9129481557195949
0.9036578360814298
0.894620066957651
0.8858806796792316
0.8774233213911914
0.8692379862794014
0.8613792173450456
0.8538617703903673
0.8466135868759905
0.8396319986330261
0.8329372385860484
0.8264754845672684
0.8203312068690795
0.8145386612747822
0.8090846693376785
0.8039392033026901
0.7991303568024206
0.7945822453768333
0.7904071817323762
0.7865530361436707
0.7830526575540282
0.7798874275436802
0.7769944609325724
0.7743634423716779
0.7720526584794024
0.770018514586234
0.7681802105332948
0.7666392294058236
0.7654605808204409
0.764663179425426
0.7641203992775477
0.7638182261782329
0.7637845690485654
0.7640427602321094
0.7645579519534829
0.7653371414771073
0.7663643695178746
0.7676345268057286
0.7691878469330091
0.7710021759729895
0.7730754873731714
0.7754614156675947
0.778131701564076
0.7810927244674207
0.7843887248778982
0.7879572840430066
0.7917541766583815
0.7957725484784494
0.8001008704308944
0.8046911187405454
0.8095401492519233
0.8146667367994334
0.8200857975609407
0.82570733460796
0.8315767736060831
0.837637735234814
0.8438667526521288
0.8503216961553873
0.8569900848154309
0.8638639933328516
0.8709283163334851
0.8783062820265285
0.8858721168277808
0.8936363846651426
0.9015891887832983
0.9097231574124435
0.9180962271132321
0.9267157971343452
0.9356033753399511
0.9447173616542348
0.9540093577501864
0.9635058477264822
0.9731879494403587
0.9830541662037318
0.9930903387101759
1.0032241148309842
1.0134621590169701
1.0238264912870576
1.0343615182557198
1.0450537129663326
1.0559043171370333
1.066899118644806
1.0780364766891595
1.0892956591482992
1.1007023550713344
1.1122239528244802
1.123831643661823
1.1355378244855485
1.147362582954244
