2.9513818025826906
2.910589245072035
2.87018533620317
2.8298048657078105
2.789459285189233
2.7491597360531284
2.70891696332621
2.668741242470058
2.6286423205257403
2.5886324212994487
2.5487560285191684
2.5090111115851985
2.469524145538813
2.4302633045746322
2.391319021523052
2.352688492067776
2.3144800769919374
2.2767476894016876
2.2393540075830303
2.2023515029599965
2.1658350547671756
2.129841554083303
2.094352500753877
2.059468414616155
2.0252497826304303
1.9919401652472046
1.9594676150666142
1.9277765604036385
1.8970159404991296
1.867013763118802
1.8377665262953429
1.809425973008282
1.781955675278595
1.7552995189403415
1.7295232748317513
1.7048254262890747
1.6809851699295832
1.657967769525232
1.6357423475360042
1.6143570600097918
1.5937829991160026
1.5740582841008872
1.5553074071068556
1.5374316186901202
1.520461087270367
1.5044243919848455
1.489305138252234
1.475005509842797
1.4615881626833989
1.4489388337733644
1.4369876180150094
1.4258236706915677
1.4153196342520944
1.4057169386235466
1.3968145168390773
1.388555691004137
1.3808552444455124
1.373701197726678
1.3671265830062262
1.3611952471642017
1.3558936758550333
1.3511912397552597
1.3470553580006597
1.3434725584710001
1.3404406275962153
1.3379134154240977
1.3359045314550682
1.334465734155677
1.333483562939893
1.3329109669106993
1.3328159673997204
1.3332139975775603
1.3340947402393089
1.335408695358332
1.3371026560669985
1.3391483084460822
1.3414994413490442
1.3443084985099416
1.3474602136500111
1.3509470611259384
1.3547410680232026
1.3588985408530905
1.3633927262596297
1.3681664452663282
1.3732585475925743
1.3786663962567296
1.3844278126852503
1.390539398251032
1.3969764306220145
1.403736968046681
1.41084049455632
1.4182039094498766
1.4257830853867368
1.4336028403475487
1.4417088655109704
1.450080921819988
1.4586860166047086
1.4674707611292066
1.476455481352833
1.4856292495118886
1.4949605426882153
1.5044898091760448
1.5142452398642778
1.5241852383340697
1.5342966323462646
1.5445875909963276
1.5550777465659793
1.5657707963455245
1.576658595371698
1.5876687728297239
1.5988145910993894
1.610127826115525
1.6215843172862292
1.633183330325977
1.6449234274106475
1.6567903093827638
1.6687693054308659
1.6808633613394643
1.6931329932693433
1.7055637443440157
1.7181301054943583
1.7308259733542233
1.7436435518190558
1.7565648809233683
1.769633693290591
1.7828218923405885
1.7961169510172015
1.809533618647693
1.8230473604409887
1.836672367133328
1.8504213249784762
1.8643260794907175
1.8783615970562009
1.8924893149146704
1.906725919449747
1.9210731248111692
1.9355230190129729
1.950038428489221
1.9646658977763116
1.979429577456825
1.9943233044250717
2.0092976851858144
2.0243344359033633
2.0394601169090723
2.054688252992418
2.0699917327710593
2.0853872360927532
2.100871172391266
2.116412871487179
2.1320287004176386
2.1477124314364207
2.1634452256627585
2.1792709092504876
2.1951660346625346
2.2111384811535117
2.227207726612421
2.243345073344497
2.2595266630159263
2.2757474898506183
2.2920681687276727
2.3084546042460166
2.324908306483537
2.3414393036863195
2.358037025461598
2.3746715537560785
2.391355117736909
2.4080773687257175
2.42482538256617
2.4416326712816003
2.458474958700623
2.475344408214215
2.492246868587234
2.5092211900373673
2.5262319850576183
2.543279873097762
2.5603486113132456
2.5774404071855153
2.59457214621552
2.611756169188437
2.6289990641589096
2.64627836985016
2.6635753243064046
2.6809036354983307
2.698256370778866
2.7156281722562294
2.733025764819227
2.7504245998879506
2.767808101506927
2.785185072910508
2.8025670284482747
2.8199579541443383
2.8373548403624227
2.8547553291511347
2.872159753496882
2.8895616722500757
2.90696795546897
2.9243700482264745
2.9417480194964725
2.9591030409753465
2.9764502361057508
