2.951381802582706
2.9236295827435033
2.8962565066315364
2.8688879619113505
2.8415261998637993
2.8141734546466353
2.7868319378737003
2.7595038334309367
2.732191292577429
2.7048964293732016
2.6776213164681497
2.6503679812788756
2.6231384025723243
2.595934507467547
2.5687581688594947
2.5416112032621028
2.51449536906176
2.487412365167066
2.460363830036324
2.4333513410607672
2.4063764142787405
2.3794779518503004
2.352668730856772
2.325963440911879
2.299350861169701
2.272844114776111
2.246429639296899
2.220129153918453
2.193935739838629
2.167934340290947
2.1420688444131497
2.1163769215472894
2.09088702210735
2.0655288223685013
2.04032175680188
2.0152958940121506
1.9904519920181871
1.9657360674737763
1.9411903980229288
1.9168820902837096
1.892748326565193
1.8688218190489403
1.8451398984953584
1.8216708893680877
1.7984400821296855
1.7755277581784796
1.7529798199366977
1.7307694545388739
1.7088288659441664
1.6871348325950344
1.6656619452822108
1.6445191937866181
1.623710684161494
1.603281154371405
1.583164262812757
1.5633216407158972
1.5437410206278366
1.5244999645615476
1.5055585622746235
1.4869327324144186
1.468593441123362
1.4505789833869398
1.4329458613695567
1.4155994369533895
1.398547153544867
1.381828133394864
1.365489141854838
1.3495465921651577
1.333888830275558
1.3185673819042574
1.3035914637135084
1.2889570096127403
1.2746566103138748
1.260662513989415
1.2470033168263277
1.2336441564759226
1.220539010185932
1.2078057573411427
1.1954278423400944
1.1834420914863235
1.171850782429901
1.1606578052439924
1.1498311975572082
1.1393448033225775
1.1292394104332135
1.1194881983611105
1.1101636196462104
1.1012495668617455
1.092669771471206
1.0844756908312956
1.0767240061679184
1.0693283345764533
1.0622420999241478
1.0555248610631303
1.0491968701439955
1.043214548589567
1.0375836267538008
1.0322351247892536
1.0272055897323722
1.0225235565376283
1.018150815740899
1.014110894960065
1.0104289513211262
1.0070742988102943
1.0040321305640953
1.0013021317248363
0.9989019937616402
0.996880455982439
0.9951927189686591
0.9937832889574573
0.9926677642824506
0.9918911013545042
0.9913854243447837
0.9911910566322998
0.9913039363919607
0.9916964929952027
0.9923504174896404
0.9932771113821726
0.9945417735190445
0.9961318985587977
0.9980216353582274
1.000198074237216
1.0026516571874802
1.0053599998233202
1.0083883929823636
1.011689204181857
1.0152443333736627
1.0190693057019877
1.0231358882962605
1.0274653446490383
1.0320643458881087
1.0369862918568433
1.0421955098709264
1.0476291416900476
1.0533178590403194
1.0592644628509917
1.0654564205542243
1.0718373120156692
1.0784663377357753
1.0853851703708015
1.092585854190154
1.0999921714229186
1.1075778503269809
1.115380384323986
1.1234171935387787
1.1316526908212652
1.1401112771990736
1.1487832429922538
1.15762445233914
1.1666600918311971
1.175880218814075
1.1852559783010301
1.1948458617356859
1.204618683215403
1.2145877934408287
1.2247818297244017
1.2351571702424793
1.2456754374249872
1.2563302876087339
1.2672123783594584
1.2782700079120402
1.2895048868401089
1.3009315070662333
1.3125334666278428
1.324265346121392
1.3361449510006065
1.3481562239544587
1.360279248435532
1.3725637661236012
1.3849728403412542
1.397494197666826
1.410136096629007
1.422956301802695
1.4359012250201946
1.4489712923709124
1.4621416403022574
1.4754150845277194
1.4888164615447408
1.5023637945094481
1.5160664811921665
1.5298903490537732
1.5438067782020262
1.5578358572774826
1.5719667176148844
1.586190856280473
1.600517898087684
1.6149105612009556
1.6293435262532059
1.6438295461717334
1.6583854440440706
1.673016753934781
1.6877185198608595
1.7024867667874781
1.7173215594852131
1.7322128048971968
1.747169333424041
1.7621776044046014
1.7772086362463815
1.792263768406427
1.8073652712276023
