2.4595444382259264
2.427967172287456
2.396392034205113
2.3648211504099406
2.333256644485994
2.301700635754799
2.2701739617877026
2.2387726265066363
2.2077164474954745
2.1773011754149025
2.1475604603496827
2.1184118146093946
2.0899678899101084
2.0620563753882353
2.0347761684866112
2.008007809219622
1.9818518379962589
1.9563106211255419
1.9314860006749053
1.907308298155238
1.8839825205421235
1.8617649061565225
1.8403723128069205
1.8199163209770413
1.8004231675019722
1.7819208637126067
1.764246145034626
1.7474008875196838
1.7312361479724143
1.7157602514011803
1.7011399582146904
1.6874434099275013
1.6746704899467566
1.6625056875397508
1.651116335928222
1.6406096188604833
1.6309673139446839
1.6219461652242289
1.6137529623872677
1.6063513083422931
1.5998466997095104
1.5942144631836852
1.5893706144437056
1.5854505715680007
1.5824628210887766
1.5804768913890859
1.579275205740179
1.5788662774755857
1.5792170555860838
1.5804316296283147
1.5824579158418703
1.5850795062224032
1.5885175600735035
1.5928450989257086
1.5978641595581455
1.6034665520487261
1.6097595601666805
1.6166330279470562
1.6241843212685594
1.6323992237994824
1.6411487541100827
1.6504488138723048
1.6603533461617985
1.6708840986509572
1.6820016445315376
1.6935499004312877
1.7054256640182621
1.7178150192764172
1.7307453974602782
1.7442461246117467
1.7581858388816645
1.772532099948367
1.7873672603677866
1.8026802047995043
1.8184229842935316
1.8346888032525652
1.8514934058207504
1.868687365764344
1.886476751229516
1.9048645842699699
1.923709806816507
1.9429462151873143
1.9625854871896635
1.9825555800434418
2.0027793232245417
2.0233714327752987
2.0443019068690322
2.065609562635051
2.0872787068032945
2.109383340386854
2.1317807529752972
2.1545361331753075
2.1775704147198813
2.200894006955065
2.224465405281795
2.2483744282773586
2.2724228835079603
2.2966182994400977
2.3211365119613228
2.3460810731593824
2.3714351988527653
2.396907041237448
2.422591597485454
2.4484467237598766
2.4744647258766057
2.5007296842928444
2.5272264570602423
2.553864354185086
2.5807603974231244
2.6078755841722585
2.635159641079347
2.6625677330260697
2.690120501777351
2.7177362884415532
2.745416513811374
2.773177948787506
2.8010632761916776
2.8290505083682977
2.8571001331382173
2.885182487183039
2.9133886443338315
2.941663120076297
2.970070592989697
2.9985663296461804
3.0269967279291747
3.055363174708595
3.083774774240457
3.11218245105746
3.140575427211039
3.1689693163275687
3.1973267087588857
3.2256805386158005
3.254001434275531
3.282249824401474
3.3104137374906184
3.33851800899468
3.366585600848996
3.394593321284394
3.4225102815412574
3.450345281643577
3.47812096625452
3.5058699952000087
3.5335724889701043
3.5612024667207844
3.5887868611131624
3.6163117303039263
3.6437394980841975
3.671054450010218
3.698268827860843
3.725378528216623
3.752410024587914
3.779348309928622
3.8061944355889206
3.832940434115562
3.859591848761805
3.8861467852519134
3.912608652196665
3.938984020257587
3.965286139777965
3.9915021316622
4.017613539734374
4.0436173984620645
4.069528888431588
4.095335141693209
4.121035127868579
4.14662929457543
4.172118090021935
4.197501962923953
4.222781362424621
4.247956738016243
4.273028539464405
4.297997216734328
4.3228632199193
4.347626999171217
4.372289004633198
4.396849686374128
4.421309494325177
4.4456688782182185
4.469928287526091
4.494088171404648
4.518148978636589
4.542111157577009
4.565975156100624
4.589741421550612
4.61341040068909
4.636982539649108
4.660458283888192
4.683838078143356
4.70712236638755
4.730311591787549
4.753406196663183
4.776406622447927
4.799313309650796
4.822126697819506
4.844847225504887
4.867475330226519
4.8900114484395205
4.912456015502508
4.934809465646689
4.957072231946017
