2.6148349046279393
2.5371577112234385
2.4600006194985333
2.3839989185215544
2.3092742951459675
2.235797159556642
2.164254752246627
2.0953048002999335
2.0299656429649735
1.9687513228805171
1.9116847440857283
1.8589414505846422
1.8109075798523115
1.7670126478494184
1.728313078819184
1.69411957211954
1.6645968362135966
1.6398427524805055
1.6191495371949087
1.602248859428344
1.5886554738302274
1.578038137630253
1.5700387510500535
1.5645057841870529
1.561694428036408
1.5617934602625314
1.564541075602189
1.569522248453284
1.576787772720889
1.585995515507129
1.597045727618686
1.6098254261939127
1.6240041172461537
1.6397970359638323
1.657078472007629
1.6756095063760954
1.695402255171254
1.7163510009701053
1.7385047516040826
1.7615809421195847
1.7857642780509722
1.8109864165623832
1.8371974509461264
1.8641084536500323
1.891757628461518
1.9199378669598206
1.9487278893375326
1.9778853183673482
2.00744735620849
2.037340973364995
2.0675677596208053
2.098317861989148
2.1294046273925225
2.1607536563075187
2.192370868997026
2.2240977680028453
2.256052466505587
2.288211176066679
2.320547110610435
2.353082426498132
2.3859226678510077
2.4189246201140744
2.4520734634274914
2.4853459316320485
2.5188512574252746
2.5524856515044805
2.586200505491939
2.619968960953066
2.653801237271961
2.687630906970289
2.7214765595153247
2.755378502382581
2.789374261987137
2.823455148676208
2.8575480982161903
2.8916743792852904
2.925873399553029
2.9600575863747753
2.9941926059654778
3.028289194115304
3.0623864003505323
3.0964965293710427
3.130554519941342
3.164534522121718
3.1985516985152667
3.232495889538561
3.266423480905184
3.3003132916498985
3.3341542363017265
3.367895549499755
3.4015673962675783
3.435171863674854
3.468660206845983
3.5020894688438036
3.5353920215861203
3.5686193448860384
3.601769483226918
3.6348262801899676
3.6677976756956165
3.7006289027667125
3.7333677213824346
3.766002841886002
3.798478649458894
3.8308245439028807
3.863036185550922
3.8951599665230763
3.927176680844851
3.9590965834439635
3.9909494744656393
4.0227041998328525
4.054303889559624
4.085770722487416
4.1170761190463665
4.148256479666474
4.179304826547285
4.210235255444684
4.2410246513023635
4.271671695486066
4.302173528212244
4.332538839978664
4.362765853302582
4.392895289139948
4.422902457518952
4.452797466020348
4.482533914519641
4.5121141893759535
4.5415285527175975
4.570792599929507
4.599914864606803
4.628884794369461
4.657705992768365
4.6863684889001975
4.714898152316599
4.743279769619014
4.7715064026958665
4.7995814936981835
4.827513064180494
4.855278062201543
4.882896844382726
4.910357984274405
4.937666830775436
4.964803514743874
4.991785906115031
5.0186244406226965
5.045312782035326
5.0718333313694615
5.098185116560167
5.124377818522695
5.15041831049297
5.17630704921269
5.20204529909691
5.227637695332573
5.253084123256258
5.278396458415471
5.303552781503162
5.328555823230475
5.353414960948382
5.378112773029048
5.402653861752253
5.427050128159505
5.451305938200755
5.475414509326972
5.499372398951708
5.523179510998701
5.546842767245067
5.57036148334356
5.593731339471088
5.616965764042475
5.640059991020325
5.663013067129455
5.685836040146532
5.708528588081138
5.731092827342879
5.753521923443915
5.775815883276822
5.797974376741687
5.820000171318116
5.84189180897291
5.863652172876279
5.885285624487481
5.906794654426028
5.928178828599489
5.949437334942645
5.970575745253795
5.991588094440688
6.0124755178820575
6.0332391371424405
6.053880060183779
6.074400619484676
6.094802170881965
6.115088329932574
6.135259624439054
6.155315277474216
6.175255655108717
6.195080706851718
6.214791439040596
6.234388846149815
6.253873910967132
6.2732501637914515
6.292516147481731
