2.6148349046279247
2.5626681377592804
2.5105130560810895
2.458603206075356
2.4072537156925518
2.3564208277355165
2.3061835665920185
2.2564376569901996
2.207011785831299
2.1580476225085246
2.109812288766639
2.0621495030014323
2.0152109641981477
1.9691774968133395
1.9248079262659055
1.8823571795923741
1.8419618720604216
1.8034713392268906
1.7667465213812001
1.7319608792978503
1.6988959532703571
1.6676427293864304
1.6382052072225486
1.6106179063943233
1.584915428698797
1.5610126266784017
1.5388862881214393
1.5186506285224473
1.5004422318302095
1.4839002710581435
1.4689734355849593
1.4554597760874817
1.4434439406375066
1.432986498721802
1.4239435344249844
1.4161476488839844
1.4095335834838334
1.4041205977860614
1.4000207171073051
1.3970541023607155
1.3954343317173832
1.3949747042504104
1.3957491739280548
1.3975573827193584
1.4003757604057125
1.4041428333475097
1.4089342162624316
1.4145094944299985
1.4208446913649124
1.4279292965894175
1.4358438525513455
1.4447737944816732
1.4545270623558744
1.4649945871362107
1.476164624484657
1.487923765114908
1.500398203832057
1.5135313660313379
1.5272849857025603
1.541699128399096
1.556989764405211
1.572958924828879
1.589576003358425
1.6067952118051074
1.6247630822606394
1.643356478248248
1.6624987610505904
1.6821334609280338
1.7022452641807009
1.7227173308986878
1.7435901700429652
1.7649148914973267
1.786762012744167
1.8091044813237545
1.8318430482099513
1.8549955661339035
1.8786206359203705
1.9025673104701197
1.9267839768335833
1.951289682303656
1.9761368521775
2.0013353734412296
2.0267748768529152
2.0524150042973535
2.0784240593447
2.104635451636439
2.131122649939018
2.157850837026102
2.184801660533615
2.2118938956887493
2.2391678197754445
2.266621697195008
2.294177646094314
2.3219165658538348
2.3497324461725144
2.3776980333860753
2.405806013434922
2.4340214649534095
2.462356701085349
2.490727256386093
2.5191936357193945
2.5477378145347744
2.5762723864409645
2.6048420411501043
2.6334365560208846
2.662121881030278
2.690865642211055
2.7196797284488325
2.7486054162980373
2.7775926192056684
2.806552743404105
2.8355158334773223
2.864435860002207
2.8933643257018984
2.922287726673129
2.9512242286746244
2.9801362392171575
3.0090189170915402
3.037865164721307
3.0666852640504345
3.0954738479239636
3.1242893485207275
3.1530921321375756
3.1818948107729055
3.210625283131386
3.239284674826469
3.2678559712548974
3.2963602028004146
3.3248078512622095
3.353180812600044
3.3814822588408036
3.409695041571951
3.4378558133995125
3.4659396419570156
3.4939340463998376
3.5218404208929712
3.549666418793693
3.5773796174209944
3.605008624228436
3.6325344066557035
3.6599631290161905
3.6872631616894553
3.7144595160923943
3.741566084072283
3.7685716305891335
3.795448056880052
3.822192234325057
3.848817042915206
3.8753266032318896
3.901723708294579
3.928009582857372
3.954189648945298
3.9802622300441586
4.006243660652513
4.032099608156283
4.057832739623132
4.0834557162323755
4.108941024356287
4.13429420941044
4.159531787666889
4.184658995017099
4.209664366414356
4.234541468129929
4.259288907148482
4.2839138823118
4.308413248934358
4.332782207396615
4.357039731160711
4.381177520970676
4.405193015303371
4.4291016724405665
4.452901913886384
4.476595836271778
4.500172127069927
4.523629752682214
4.546967190555441
4.5701875807236005
4.593287740860206
4.616271016050272
4.6391429841230405
4.661906431669695
4.684559772952176
4.707100869735313
4.729537173770692
4.751858845400828
4.774066709342484
4.796161583005584
4.818144276562672
4.840017449885217
4.861782310568621
4.883443468242706
4.905000913132659
4.926450091458335
4.947791771445171
4.96902671455438
4.990155675548296
5.011179402555232
5.0320986371337835
5.052917952873698
5.073634452777482
