D_mean
4.407202841166456
4.327113089491778
4.247046411574276
4.167025800833617
4.0870740911256
4.007213879698885
3.9274674533308755
3.847856718531426
3.768403136570989
3.689127663941087
3.610050698698215
3.5311920329850635
3.4525708118730747
3.3742054985330543
3.296145351609441
3.2186175987179304
3.1419344410576757
3.066564377663272
2.992673172008972
2.9204124781515968
2.849753971082005
2.781054652991733
2.7144076295777824
2.649732014269449
2.5872158376084413
2.527118341067013
2.4693245261377568
2.4134424828445034
2.3599375177347883
2.3086756444012413
2.2593684977025523
2.2119851290152623
2.1662795405179818
2.121900122909724
2.0791589063560285
2.0383988161085025
1.9990569835023595
1.9611936872373479
1.9248196055401108
1.8899520653759219
1.8567132091899203
1.82501759523332
1.7949187609521888
1.7665149208371176
1.7395643033586206
1.7146960672656903
1.6920011378957693
1.671305320108726
1.6529196989218835
1.6368122607032163
1.6225931575383061
1.610515891858426
1.600542733636171
1.592447309853314
1.58625490894795
1.5819493121467838
1.57963618087357
1.5794644229163746
1.5810487771794173
1.5843137338915512
1.5890194483110915
1.5950999483072423
1.6024807819036244
1.6111927339206602
1.620929940763768
1.6315251971355929
1.6433769919586227
1.6563728693202888
1.6702167893747788
1.684848885799378
1.700337614369433
1.7164593700467576
1.733081324975095
1.75041048878718
1.7685060251971718
1.7872870491396595
1.8066542898624098
1.8264822389288566
1.8468142195179118
1.867548678280071
1.888824656352756
1.910548750453691
1.932815281733984
1.95558499967881
1.9788243512940753
2.0024362521855914
2.026409762049734
2.0507942060117
2.0755707279528703
2.100526441944899
2.1256859561413286
2.151118262476518
2.1768183427601535
2.202661987796504
2.228651430538082
2.2549110581192258
2.281318998144008
2.3079872079349686
2.334735361472341
2.3615178256813603
2.388464635929607
2.415439449929348
2.4424247845552784
2.4695650489828256
2.4967803342892614
2.5241035261485183
2.551480312496041
2.5789014680392746
2.6064163428902574
2.6339726473190215
2.6614633482562424
2.688873872963376
2.7162976079159047
2.743725786138272
2.7711414336463736
2.798637278178508
2.8261137022646183
2.853568691093197
2.880974761095722
2.908380290690001
2.935790744866944
2.9632966178242928
2.9907530966379006
3.018086212115291
3.045314137072076
3.072468842506207
3.0994849901723596
3.12633703859956
3.1530599691813053
3.179760141476356
3.20638230958842
3.2329143585941402
3.2593305367995886
3.285614842516488
3.3118591555381385
3.3380230728060583
3.3640888628837886
3.3900315814088566
3.415905565493118
3.4416846042535036
3.4673428873670344
3.492960331591786
3.518504721838643
3.5439344379394115
3.5692664882889567
3.594471251561469
3.619558713696398
3.64455789454144
3.669422641009717
3.694154775514598
3.7187552412707676
3.743187691593335
3.767479690311185
3.791658881809754
3.8157455136157648
3.8397563199982376
3.863649773006065
3.887395768743723
3.9110223990464044
3.9345335199338662
3.957924011459007
3.9811950722513023
4.004366230550683
4.02743527352919
4.050399965968506
4.0732647459876015
4.096018192315367
4.118671710957013
4.1412468109894895
4.163779111541015
4.1861974517658815
4.208498508914575
4.230676302133562
4.252734194697123
4.274695467056978
4.296539197162221
4.3182812268308455
4.339904106776371
4.361429691894935
4.382844576088136
4.404127119038554
4.425275827432083
4.446321731745021
4.4672781602592355
4.488129018459936
4.508884741295387
4.529541872941397
4.550109880614055
4.570579058602164
4.590962606965039
4.611258408870267
4.631438098574895
4.651515501113372
4.671473110332243
4.691349700858752
4.711124055379801
4.730802951970519
4.750417170418883
4.769944013751907
4.789410722285346
