2.835894992068166
2.815718456421245
2.7955423415704868
2.7753670681493374
2.7551930564660947
2.7350207263419724
2.714850496949965
2.69468278665474
2.674518012853831
2.6543565918203615
2.6341989385475633
2.614045466595308
2.5938965879388904
2.5737527128202937
2.553614249602134
2.533481604624515
2.5133551820649567
2.49323538380162
2.4731226092799825
2.453017255383128
2.4329197163058227
2.413354686006547
2.3939409992933944
2.3745354691417138
2.355138443663928
2.335750268132509
2.3163712848930516
2.2970018332813638
2.277642249544633
2.2582928667666926
2.2389540147974074
2.2199854064766527
2.2018125828263746
2.184826167501105
2.167850212714833
2.150884996120981
2.1339307922652235
2.1169878725478846
2.1000565051897278
2.083136955201099
2.0662294843543627
2.0493343511595583
2.0324518108432432
2.015582115330418
1.9987255132294826
1.9818822498201405
1.9650525670441579
1.9482367034989059
1.931720417708577
1.9154345373973705
1.8993783871016052
1.8835888197455641
1.8681259862523623
1.8528173228692302
1.837522563664658
1.8222419016160611
1.8069755268101546
1.7917236264580712
1.7767119506016078
1.762544108539096
1.7487410491464344
1.7349520047605616
1.721177135699766
1.7074165997746669
1.6936705523103548
1.6801156647881665
1.667289598301514
1.6553218096974127
1.6433688470108352
1.6314290831108118
1.619502642196459
1.6075896464769177
1.5956902161917605
1.5838044696316804
1.5719325231594565
1.560074491231123
1.5482304864173204
1.5364006194248025
1.5245849991180505
1.5127837325409577
1.5009969249385868
1.4892246797789301
1.4774670987746734
1.466066042530052
1.4548172263242938
1.4438363809731545
1.4335321760357425
1.4234728470803641
1.4140261673073922
1.4045918843167338
1.3952123352159629
1.3866394980637462
1.3780780464155657
1.3695280424551712
1.3609895472104334
1.3524626205666392
1.3439713612405593
1.3359799048860388
1.3287859539545397
1.322073308932084
1.3160238169973133
1.3110665975263247
1.3064698922204558
1.302731430463915
1.2989984760491824
1.2952710592362506
1.2915492097428256
1.2878329567454334
1.2841223288806565
1.2804173542464992
1.2767180604038795
1.2730244743782348
1.2693775579423243
1.2660962010568895
1.262994496509188
1.2601056772570123
1.257221719218625
1.2544793994262404
1.2520535485098698
1.24963214228634
1.2472152007229456
1.2451894894087285
1.2436880916993909
1.2426208864149282
1.241641501189422
1.2406642454346621
1.2396891293646943
1.2387161629114285
1.2377453557252052
1.2374797618195403
1.2373856063138522
1.2378683255946088
1.238350666715668
1.2394200633047918
1.2406174063370552
1.2418113350574025
1.2430018656444255
1.2441890142272682
1.2453727968788555
1.2466487205852748
1.2485270572407887
1.2507319881977041
1.2532409053696947
1.2557447821781293
1.2582436336546858
1.260737474800209
1.2632263205786274
1.266169463613529
1.2691860219703073
1.2726692764245793
1.2761463214238622
1.2796171688282687
1.2830818304911633
1.2865403182541895
1.289992643942509
1.2934388193602622
1.296878856286238
1.3007287715522489
1.305607915525349
1.310716457064852
1.316202066185089
1.3217758075832473
1.327340300996694
1.332895551591526
1.3384415646275811
1.3439783454546645
1.3495058995089302
1.3550242323094182
1.3605333494547187
1.36603325661979
1.3715239595529005
1.3770054640727025
1.3824777760654392
1.3879409014822575
1.3933948463366588
1.3994887262228248
1.4056696246339238
1.4118394268804981
1.4179981383897104
1.424145764706189
1.430282311489682
1.4364077845128076
1.4425221896588973
1.4486255329199114
1.4547178203944546
1.4607990582858568
1.4668692529003384
1.4729284106452467
1.4792799204188138
1.486067898616241
1.4928427281813061
1.5003537916736318
1.5082521239429612
1.5161348511924255
1.5240019809931344
1.5318535211471367
1.5396894796850182
1.5475098648635501
1.55531468516338
1.5631039492867715
