3.031314783900023
2.9890022864696224
2.9467032197775387
2.904543744187629
2.8628335996107466
2.8216982079182205
2.7809011142772917
2.7403833684388563
2.7001324707521737
2.6601898948756006
2.6205867073086315
2.581317677521111
2.5426039311715765
2.5045825644239526
2.467293499999314
2.4305577434566707
2.3945302853804016
2.3592470283097815
2.324704594188822
2.2908435752672873
2.2576183820753486
2.224984755703835
2.1929879406737935
2.1617148016435035
2.1311077252831354
2.101234699333297
2.0721380373647653
2.043899230758882
2.0165137482164845
1.990052893870717
1.9644953007326305
1.939814176082211
1.9160976927804225
1.8934164951588452
1.8716774280513497
1.8509630819611076
1.8310912011996505
1.8120403977608903
1.7938664044227395
1.7765063857468097
1.7600494067534818
1.7443671489083086
1.7293642230108108
1.715152481139467
1.701705169840168
1.6890130026117491
1.676899193985846
1.665385203267134
1.6546375076169553
1.6446682217759327
1.6352788722764766
1.6264892959962767
1.6182714666825309
1.610721971304439
1.6038020347132889
1.5974624807478541
1.5916418010246929
1.5862726953598396
1.5815027037161458
1.5772731984328512
1.573424763314818
1.569976994463618
1.566929320538211
1.5642359510036337
1.5619308088636432
1.5600495582716136
1.5584973916018703
1.557312337241968
1.55648695671677
1.5560484291487875
1.5559834676818134
1.5562896930685306
1.5569288388843971
1.5578603081047755
1.5591476918702722
1.560936374293969
1.5631585739477463
1.5657680841446346
1.5687002994498833
1.5719437942497283
1.5755404722371533
1.5795372833513743
1.5838731344360533
1.5884611551573768
1.5933668564042973
1.5985701380415493
1.604083929347869
1.6098565325873024
1.615885926230935
1.6221523513281664
1.6287470480478623
1.6357204481846221
1.6428361098164632
1.6501328478928672
1.6576051550311799
1.6652658325272254
1.6731510693006468
1.681230666359576
1.6894891864214403
1.6979532565391455
1.7066044322744605
1.7154218036617483
1.724425906721707
1.7336069523532331
1.7429686045670985
1.7525258725816366
1.7622940066566408
1.7722252237096954
1.7822922459663508
1.792517153484169
1.8028889122470115
1.8134019327382234
1.824082951927732
1.8348881260380923
1.845863554398528
1.857011041341915
1.868324266628905
1.8797691275414896
1.891334758020635
1.9030049609226671
1.9148177114764713
1.9266967815134255
1.9386652450592605
1.9506979430999118
1.9628385817218963
1.975120789719668
1.9875156704150743
2.000021839486448
2.0126633379245646
2.0254351897164793
2.0383585136585753
2.0513649317562215
2.06446269721196
2.077613257763554
2.0908211918582764
2.1040606285597576
2.117338928904413
2.130709466107191
2.1441622798888083
2.157654254478913
2.1712251886304204
2.184864363740526
2.1985720544876126
2.212361806869351
2.226170295800321
2.240021029577831
2.2539341233174772
2.2679018623429763
2.281931149143189
2.2959972112150746
2.3100825502523152
2.324225064012492
2.3384127207613465
2.352640800347517
2.366879740650067
2.3811493848806413
2.3954500929452354
2.409812444933071
2.4242672462759938
2.438794635595452
2.4533472606799585
2.4679058136767
2.4824710848128566
2.497057418440098
2.511674479892997
2.5263389374101695
2.5410313949654055
2.555750334143231
2.570520623826716
2.585318219131144
2.600136159965612
2.61497103848041
2.629806485444945
2.6446612456747887
2.6595672642690076
2.674505812791078
2.6894825239360847
2.704486483242326
2.71952393550523
2.7346148172091036
2.7497359206395218
2.7648813437804654
2.780028656287527
2.7952069980242933
2.8103818975406436
2.8255348671382614
2.840689812433992
2.855836152133859
2.8709878821351946
2.8861335912419803
2.9012877959134626
2.916456179452085
2.9316455488948088
2.9468310307361163
2.9619960442417717
2.977142898798556
2.99227833923928
3.007415676791462
3.022562195565559
3.037701676765616
