2.7626871577206167
2.7091411316409335
2.6556069524987307
2.602098725691259
2.548887350771332
2.4960053317152586
2.4436162810004194
2.392345186509204
2.342861163766005
2.294948734665653
2.24857239340977
2.203837651980495
2.160363997825152
2.1181173770765636
2.076984406578835
2.0374917160603023
1.9996885864827625
1.9631720416807497
1.9280979058023922
1.8943784465971683
1.8621271265407497
1.831498542100456
1.8024777200716915
1.7753674384450184
1.7501348249899817
1.7265445090500413
1.7047291969430531
1.6845344341606836
1.6661621898780168
1.6498686515641854
1.6354039787102557
1.6225544908433986
1.6110051716032532
1.6008470329810143
1.5920277675584822
1.5847008998184906
1.578790871875968
1.5743666698740588
1.5713055275392664
1.569628864925028
1.5693967307268044
1.5702489653976561
1.5720526995310673
1.5748614034301056
1.57843842255791
1.5831766717841835
1.5889591029277603
1.595641211423431
1.603269781970437
1.611881355624493
1.621301462006045
1.6315266271648847
1.6426349141061451
1.6542729338382225
1.6665297044320422
1.6795546346411634
1.6932803700362373
1.707872121578099
1.7232500769608583
1.7393222497233296
1.7560789494209792
1.773623185594403
1.7916505453847476
1.810162882357183
1.829174485600373
1.8485591775293573
1.8683835936944666
1.8885823597910454
1.9091812443240344
1.9301838225220636
1.951505502690963
1.9732291418182617
1.9953008061103261
2.017668765107982
2.0403264403913326
2.0632637152648146
2.0864253754935986
2.1097616909082277
2.1333897877186896
2.157357294918297
2.1815489002308697
2.205946668839857
2.2305649183006686
2.255386465581477
2.280361320565259
2.305502413208142
2.330853047613018
2.3563350359144226
2.38195253447793
2.407677272842797
2.4334921310327875
2.459467963302865
2.485521971677548
2.5117152327060155
2.538028848869879
2.5644677382524628
2.5909890313752255
2.617569510671549
2.644175017393429
2.670838695080457
2.6975447295462436
2.7243125185528787
2.7511118529683536
2.7779808949841684
2.8048826177125785
2.8317847471899182
2.858781378958432
2.885767346002445
2.9128096087201087
2.939864963214234
2.966933539684312
2.993987400043402
3.021025599293915
3.048093753480634
3.0751259199636265
3.102155725902688
3.129174662629834
3.1561799983934855
3.183147290086451
3.2100445859548885
3.2369407401014456
3.26378825816367
3.290577362336171
3.3173399214911137
3.3441014275049397
3.3708339300936654
3.39754609826499
3.424187633932795
3.450766245247657
3.4772915887027596
3.503768871819184
3.5301887475540075
3.5565293315039708
3.5828458969634487
3.609157630007327
3.6354037013944067
3.6615805142473765
3.68771315680708
3.7138133566711433
3.7398695260094708
3.7658628333471658
3.79181354329336
3.817697230444171
3.8435208452062586
3.869327929967133
3.895114912168202
3.9208233918602424
3.946453528567632
3.9719779506027693
3.997418783702488
4.022803027432533
4.048085820370747
4.073306036193088
4.098452588839378
4.123498383774825
4.14849010984588
4.173407094467083
4.1982514770245505
4.222995665401605
4.247667034744571
4.272247648801416
4.296738430285612
4.321143574280575
4.3454941340522915
4.3697865494136545
4.393997321917517
4.418115859607866
4.442147565287451
4.466084644615595
4.48993392338766
4.513683288156175
4.537321645929868
4.560898922169485
4.584379239821131
4.607777247151554
4.631075390462564
4.654296787283186
4.677448224068429
4.700514182490104
4.723468422562258
4.746333116036873
4.769104461871646
4.791768314979012
4.814336570081866
4.8368343530638525
4.859250675052957
4.881587586447313
4.903839675557821
4.926000507038922
4.948063136966398
4.970033451689614
4.991917342315766
5.013743196653921
5.035487148469088
5.057159474788895
5.078742291395091
5.100239917535885
5.121655781722738
5.142995037007313
5.164245733495655
