5.093883479108979
5.083627063761738
5.073370758431272
5.063114673126638
5.052858917841425
5.042603602546048
5.032348837180013
5.022094731644211
5.011841395793203
5.001588939427526
4.991337472286021
4.9810871040381235
4.970837944276238
4.960590102508065
4.950343688148985
4.940098810514442
4.929855578812347
4.9196141021355135
4.909374489454107
4.899136849608104
4.8889012912998195
4.878667923086405
4.8684368533724225
4.858208190402418
4.847982042253539
4.837758516828172
4.827537721846656
4.8173197648399455
4.807104753142406
4.796892793884582
4.7866839939860295
4.776478460148184
4.766276298847273
4.756077616327265
4.7458825185928655
4.735691111402565
4.7255035002617145
4.71531979041567
4.705140086842979
4.694964494248614
4.684793117057245
4.674626059406591
4.664463425140821
4.654305317803963
4.644151840633444
4.6340030965536245
4.623859188169428
4.613720217759983
4.6035862872724085
4.593457498315558
4.583333952153897
4.573215749701422
4.563102991515621
4.552995777791558
4.542894208355926
4.532798382661266
4.5227083997801945
4.5126243583997026
4.50254635681555
4.49247449292669
4.482435088499429
4.472441477821796
4.462454691959726
4.452477025987186
4.442521483261927
4.432580030662521
4.422658130553033
4.412743024613298
4.402854955104704
4.393022841240638
4.383215104440573
4.373458484887472
4.363736973149426
4.354059986731856
4.344458967127682
4.334943205668955
4.325482611983841
4.316084625454399
4.306751146162612
4.297456241778301
4.288223376483706
4.279039226240876
4.2698969458557645
4.26086444369607
4.251869253910308
4.242909040013667
4.2340270103109505
4.225204419000346
4.216444177758559
4.207762340081764
4.1991597052763145
4.190595687052757
4.182087705576629
4.1736196950931905
4.165218513424137
4.156910326893878
4.148688733287998
4.140511265340808
4.132374403514351
4.124284571389257
4.116247090499017
4.1082628453647745
4.10036914177489
4.0925665845044765
4.084859419277112
4.077200302212872
4.069601393056888
4.06206225333432
4.054583973077812
4.047187877738334
4.0398345502763755
4.032538112086721
4.025318239800738
4.018148243774636
4.01102363380064
4.003973439284464
3.9970095108351535
3.99012740666014
3.983305321309638
3.9765625119752825
3.9698716008837955
3.9632626837894325
3.956729169198835
3.9502729419203733
3.9438952027923615
3.9375577112939677
3.9312656135461794
3.925047220585977
3.9189106109511846
3.912830176620282
3.9067943861721726
3.9008068067266413
3.894870840332862
3.8890443987829895
3.883378382930991
3.8778885814445148
3.8725127028035957
3.867252109279049
3.862050668710543
3.8568954375212394
3.85181091628016
3.846810133404318
3.8419193154675235
3.837094407071175
3.832317651413041
3.8276173795300217
3.8229937318117315
3.818441864483289
3.813943175474851
3.809558348861966
3.8052847678067216
3.8011257731653383
3.7970806373675448
3.7930960741483677
3.7891877612329448
3.78533066738294
3.7815219365762984
3.777828473272388
3.774222387678281
3.770708725813701
3.7672752396341185
3.7639211717234753
3.760624745779917
3.757361889159678
3.754194919866994
3.751128635439589
3.7481277331608425
3.745216315228163
3.7423814649559795
3.739619809833374
3.7369522462008207
3.7343615721027548
3.7318446343225036
3.7293746424611953
3.726996500723149
3.7246845731343274
3.722466888736368
3.7203298877016686
3.7182904229635274
3.7163233032613965
3.714414398574898
3.712576068303925
3.710845364376795
3.7091628752431416
3.7075120790628233
3.7059307443170213
3.7044350111856614
3.7030228174349484
3.7017151635147147
3.700447996431119
3.699213284075014
3.6979992976445777
3.696863652406257
3.695829215189004
3.694843993460463
3.69395179655468
3.6931582985669396
3.6924223609545477
3.6917402351903053
3.6911072306361827
