5.093883479109008
5.076278677861935
5.0586749184656465
5.041073242154396
5.023474688930625
5.005880296951968
4.988291101921744
4.970708136484072
4.953132429624789
4.935565006079144
4.918006885747491
4.9004590831199035
4.882922606710751
4.865398458504256
4.847887633411837
4.830391118742276
4.812909893685355
4.795444928809894
4.777997185576812
4.760567873719258
4.743180905280242
4.725836622066807
4.708573311883546
4.691394453744482
4.674320459964542
4.657387945700896
4.640629615423567
4.624003078391742
4.6075038317218935
4.591171741847891
4.575003574040645
4.559043410139122
4.543331067702347
4.527799548112312
4.51247416806686
4.497310363776207
4.482316288908257
4.467554767106763
4.4529410068259185
4.438534869542582
4.424343196521317
4.410300088235766
4.396416407344448
4.3827452966700635
4.369249446881087
4.356013951389198
4.342973151704843
4.330149819816411
4.317657750469003
4.305425900369106
4.293455345878878
4.281785158640652
4.270387357431868
4.259272200166563
4.24842834062922
4.237937357652798
4.227759970462156
4.217827634507325
4.208139175283794
4.198702710580955
4.189536237483207
4.180635147731575
4.172086885168951
4.163842999384307
4.155836848361991
4.148000642886083
4.140402983264562
4.133058209636315
4.125945857088377
4.11903308693365
4.112302818772498
4.105730608792594
4.099341677893767
4.093125723392221
4.087148961489546
4.081378389781153
4.0757986585192745
4.07041122149554
4.065156381544193
4.060058208484307
4.055130813522745
4.050352977779098
4.0457053079685705
4.041205452099607
4.036876373132493
4.032692868836586
4.028705745516771
4.024887713246078
4.021224188833517
4.017738916289918
4.014423035593524
4.0112455894618835
4.008193296982474
4.005309709732401
4.0026120776494345
4.000089560735846
3.9977317754619524
3.9955511589204473
3.9935285715866122
3.9916675700654736
3.9899853117774926
3.988474136587281
3.987116156618967
3.9858912842720216
3.984831212956543
3.983990659773299
3.9833394038837544
3.9828268212801494
3.9824595198455426
3.9822215006401227
3.9821400793083557
3.982252388625725
3.9825510953634278
3.9829465336101415
3.983464452063886
3.9841430558938025
3.9850059511760323
3.9860140752176503
3.9871303479835327
3.9883784488005887
3.989741767034248
3.991227016603647
3.9928367505073976
3.994572253106735
3.996419189422038
3.998306456950661
4.000296240653755
4.0024079281835245
4.004669564267063
4.007028314310529
4.0094812109699705
4.012022563183798
4.014663091850239
4.017377301661645
4.020193556981437
4.023123038595673
4.026144381562543
4.029258923550123
4.032448525535876
4.035698662261688
4.039038864834375
4.042446194038227
4.045963006443444
4.0495811966560895
4.0532769453123265
4.057018325740012
4.060811440841949
4.064681641616339
4.068598279373034
4.072614989378831
4.076736319928637
4.080922110522001
4.085159352463489
4.08943567597153
4.0937908118254995
4.098246538859574
4.1027632834377075
4.107388768082209
4.112078580433961
4.116821029207059
4.1216163263390415
4.12645581236994
4.131346064659382
4.13628764436107
4.141300684709297
4.146382477629208
4.15153847098435
4.156767390235789
4.162049785014928
4.167377260340938
4.172757585568711
4.178167604682908
4.1836041384943305
4.189114187593264
4.194689683031802
4.2003104252591985
4.205985096731206
4.211717288676059
4.217521933410748
4.223386070026304
4.2292834961712025
4.235240653560918
4.241253894597957
4.247322737993664
4.25342304607039
4.259550988817642
4.2657170172678915
4.271950085345699
4.27824510994311
4.284578927138443
4.290956761915077
4.297357447643044
4.3037988110746905
4.310282942838346
4.316775878629338
4.323324248333362
4.329909381993191
4.336532190833615
4.3432118665170165
4.3499228277768225
