5.093883479108973
5.068131294981835
5.04238459850219
5.016648860140767
4.990929516208094
4.965231952253211
4.939561487024121
4.913923357156525
4.888322702740525
4.862764553895448
4.837253818461119
4.8117952708905305
4.786395439061346
4.761120273329118
4.735990665314782
4.710970633599751
4.686139393398694
4.661400191821835
4.636891794302451
4.612693192878462
4.588890544965621
4.56556198039391
4.542748095964257
4.5204638779161535
4.498690004446389
4.477399327701833
4.456808110335908
4.436782597097999
4.417419065445763
4.3985828306592785
4.380288287442924
4.362606087061564
4.345546082726916
4.3289694604212405
4.312916357980346
4.297564413138232
4.282797265959261
4.268668654935675
4.255287820502825
4.2426639046901276
4.230745084679009
4.219531038604657
4.209051219925847
4.19936972566907
4.19024741068981
4.181926070452283
4.174255305578229
4.167113264838411
4.160553019464736
4.15457160053638
4.149168507311884
4.14431151460009
4.1397766454822325
4.135733821709951
4.132113254680796
4.128948652503734
4.126188572226295
4.123784390322258
4.121762260296131
4.120105685814599
4.118741103319787
4.117777904209028
4.117247779410956
4.117068644054966
4.117080156267375
4.117353138474617
4.1179325021548125
4.118805052749841
4.119996036334392
4.121512199046108
4.123415141453167
4.125708892418468
4.128268880293017
4.131153985840832
4.134273558176169
4.137647325641651
4.141453893990766
4.145642547053495
4.150193871330847
4.155061055864478
4.160158556622256
4.1654878812567215
4.171089703882983
4.176870117042339
4.18293851617213
4.189329086745376
4.196014470812213
4.202949565399325
4.21019576088078
4.217677262267005
4.225413793135479
4.233320808510051
4.241375155762166
4.249618929033322
4.258012939400374
4.266575981365678
4.275274956634645
4.284194405029016
4.293301734413482
4.3026643708640595
4.312181688891411
4.321809585127323
4.331592206003444
4.341474012781301
4.35152867359526
4.361696270595921
4.371984745785811
4.3823425406202725
4.392741622051905
4.4032308739117
4.413849025040617
4.424642784365021
4.435557122537238
4.4465692140404975
4.45764746664114
4.468806336027008
4.480052071950481
4.4913588504463995
4.5027827414047366
4.5142853673985535
4.5258412763142815
4.537499562070017
4.549200595783146
4.560969348843044
4.57277750880841
4.584636303923384
4.5965555459703715
4.608586992253441
4.620692346544342
4.632838993592921
4.645043124974188
4.65726828713627
4.669542379058857
4.681846007840596
4.694238961250092
4.706698904113043
4.7191785200585805
4.731752535490838
4.744400654292974
4.757056373303836
4.769756631923042
4.782495449260502
4.795275529842013
4.808141165888441
4.821032521423868
4.833914604347855
4.846811089860447
4.859756878531515
4.8727373088841235
4.8857441115264955
4.89874030034652
4.911770493636935
4.9248545190661925
4.93794691911373
4.951042424080804
4.96416497546936
4.977272637984328
4.990363950047177
5.003466238599906
5.016575435499823
5.029682061912531
5.042777824167894
5.05586492554402
5.068938137492364
5.081974821272541
5.094991521807744
5.108018846990804
5.121066830272395
5.134147922381095
5.147242424022152
5.160315458912873
5.1733920207354664
5.186481543879944
5.199560885591419
5.21264986553622
5.2257706537956174
5.238880052626424
5.252007815007897
5.265141654949319
5.27829227990949
5.291475994267572
5.304666134600785
5.317851697128855
5.331035009869242
5.344204461517371
5.357369809559002
5.370538398026946
5.383682258747515
5.3968065932637925
5.409919926191452
5.4230357202475625
5.436171109060077
5.449279926065721
5.462379203886392
5.4754787041730415
5.488586174736867
5.501683468197797
5.514814116465516
5.527909784041259
5.541028193293056
