0.0
0.021823686449528052
0.04364681519787175
0.0654688287829297
0.08728917022037672
0.10910728324157783
0.1309226125303384
0.15273460395810715
0.17454270481725756
0.19634636405207748
0.2181450324871047
0.23993816305245944
0.26172521100582957
0.28350563415078006
0.3052788930510698
0.32704445124067005
0.348801775429201
0.3705503357025038
0.3922896057180993
0.4140190628952859
0.4357381885996544
0.45744646832181324
0.479143391850139
0.5008284534373688
0.5225011519609015
0.5441609910766552
0.5658074793663768
0.5874401304783029
0.6090584632610897
0.630662001890953
0.6522502759919752
0.673822820749549
0.6953791770169471
0.7169188914150275
0.7384415164250907
0.7599466104749264
0.7814337380181006
0.8029024696065454
0.8243523819565327
0.8457830580081077
0.8671940869781039
0.888585064406826
0.9099555921985393
0.9313052786558923
0.9526337385083966
0.9739405929351291
0.9952254695817989
1.0164880025723335
1.0377278325151535
1.0589446065043073
1.0801379781156206
1.101307607398064
1.122453160860482
1.1435743114538954
1.164670738549531
1.1857421279127747
1.206788171673231
1.227808568291057
1.2488030225197597
1.269771245365641
1.2907129540440545
1.311627871932656
1.3325157285218259
1.3533762593624243
1.3742092060110425
1.3950143159729387
1.415791342642781
1.4365400452433859
1.4572601887625913
1.4779515438884092
1.4986138869426084
1.5192469998128681
1.539850669883627
1.5604246899657819
1.5809688582253247
1.6014829781110804
1.621966858281637
1.642420312531585
1.6628431597171809
1.6832352236815293
1.7035963331793962
1.7239263218017251
1.7442250278999665
1.764492294510306
1.7847279692778464
1.8049319043808671
1.825103956455178
1.8452439865186898
1.8653518598962242
1.8854274461446556
1.9054706189784225
1.925481256195469
1.9454592396036718
1.9654044549477918
1.9853167918369923
2.0051961436729915
2.0250424075788356
2.0448554843283775
2.0646352782764748
2.0843816972899143
2.104094652679136
2.123774059130737
2.143419834640801
2.1630319004490755
2.1826101809739846
2.2021546037485464
2.22166509935715
2.2411416013732346
2.2605840462978963
2.27999237349939
2.299366525153569
2.318706446185229
2.338012084210429
2.357283389479703
2.376520314822228
2.3957228155909345
2.414890849608538
2.4340243771145156
2.453123360713
2.472187765321623
2.491217558121256
2.510212708506687
2.529173188038194
2.548098970394032
2.566990031323811
2.585846348602765
2.604667901986902
2.6234546731690216
2.6422066457355937
2.6609238051244937
2.679606138583576
2.69825363513008
2.716866285510849
2.735444082163375
2.753987019177621
2.7724950922586453
2.7909682986899975
2.809406637297871
2.8278101084160117
2.846178713851373
2.8645124568504836
2.8828113420665393
2.901075375527207
2.919304564603097
2.937498917976936
2.955658445613395
2.9737831587295807
2.991873069766161
3.0099281923591237
3.027948541312163
3.04593413256966
3.0638849831902686
3.081801111321086
3.099682536172378
3.1175292779928947
3.135341358045709
3.153118798584613
3.1708616228310262
3.1885698549514285
3.2062435200353074
3.223882644073576
3.2414872539375033
3.259057377358098
3.2765930429059726
3.2940942799716466
3.311561118746303
3.328993590202982
3.346391726078189
3.3637555588539203
3.3810851217401225
3.3983804486574924
3.415641574220726
3.432868533722104
3.450061363115473
3.4672200990005733
3.4843447786077393
3.5014354397829193
3.518492120973065
3.535514861211825
3.5525037001055724
3.569458677819761
3.586379835065552
3.6032672130867813
3.620120853647208
3.6369407990180296
3.6537270919657043
3.6704797757400343
3.687198894062522
3.703884491114973
3.720536611528366
3.737155300371981
3.7537406031427367
3.770292565754802
3.786811234529414
3.80329665618493
3.819748877827102
3.8361679469395638
3.8525539113745193
3.868906819343648
3.885226719409216
