0.0
0.042582353881501354
0.08515082835073616
0.127691695812197
0.17019152501121154
0.2126373118319884
0.2550165914696816
0.29731752897475644
0.339528987092417
0.3816405719910714
0.42364265872359097
0.46552639904420157
0.5072837145554855
0.5489072781795735
0.5903904867448511
0.631727427152881
0.672912838214827
0.7139420698724168
0.7548110411739267
0.7955161980740306
0.8360544718709828
0.8764232388833783
0.9166202817969944
0.956643752974467
0.9964921399113803
1.0361642329368868
1.0756590951910152
1.1149760348607145
1.154114579619461
1.1930744531884765
1.2318555539189622
1.2704579352828695
1.308881788152804
1.3471274247488758
1.3851952641304093
1.423085819112889
1.4607996844945643
1.4983375264822867
1.5357000732121504
1.5728881062668265
1.6099024530980395
1.6467439802693196
1.683413587440526
1.7199122020220245
1.7562407744323199
1.7924002738987361
1.82839168474597
1.8642160031224444
1.8998742341189252
1.9353673892382592
1.9706964841789036
2.005862536898672
2.0408665659283165
2.0757095889076025
2.1103926213193946
2.1449166753995508
2.1792827592028714
2.2134918758073123
2.2475450226405136
2.2814431909143837
2.3151873651550012
2.348778522816399
2.382217633968047
2.4155056610470056
2.4486435586665576
2.4816322734741756
2.5144727440523558
2.54716590085665
2.57971266618579
2.612113954179418
2.6443706708394483
2.6764837140715074
2.7084539737433526
2.7402823317575185
2.771969662135737
2.803516831113042
2.8349246972396394
2.8661941114889515
2.8973259173703445
2.9283209510453627
2.9591800414462903
2.989904010396219
3.0204936727296876
3.050949836413317
3.08127330266573
3.111464866076404
3.141525314722828
3.17145543028585
3.2012559881627216
3.2309277575777053
3.2604715016900845
3.2898879776993115
3.3191779369473187
3.3483421250178216
3.3773812818326205
3.406296141744839
3.435087433629106
3.463755880968732
3.4923022019398187
3.5207271094924657
3.549031311429002
3.5772155104793995
3.605280404373888
3.633226685912833
3.6610550430340414
3.688766158877448
3.7163607118473747
3.743839375672403
3.7712028194629594
3.798451707766689
3.8255867006217312
3.8526084536079437
3.879517617896249
3.906314840296035
3.933000763300873
3.959576025132532
3.9860412597833434
4.012397097057098
4.038644162608461
4.064783077981038
4.090814460644069
4.116738924028026
4.142557077558863
4.168269526691315
4.193876872941074
4.2193797139159885
4.244778643346365
4.270074251114379
4.29526712328264
4.320357842122039
4.345346986138811
4.37023513010096
4.395022845064031
4.419710698396281
4.444299253803278
4.468789071352014
4.493180707494503
4.517474715090901
4.541671643432262
4.565772038262832
4.5897764418020275
4.613685392766019
4.63749942638905
4.661219074444408
4.6848448652651795
4.708377323764667
4.7318169714566665
4.7551643264754695
4.778419903595632
4.801584214251668
4.824657766557446
4.847641065325501
4.870534612086201
4.893338905106718
4.916054439409958
4.938681706793303
4.961221195847294
4.983673391974198
5.006038777406492
5.028317831225256
5.050511029378501
5.072618844699412
5.09464174692455
5.116580202711955
5.138434675659245
5.1602056263216145
5.181893512229808
5.203498787908047
5.22502190489191
5.246463311746167
5.2678234540826
5.289102774577716
5.310301712990547
5.331420706180299
5.352460188123995
5.373420589934161
5.394302339876361
5.4151058633868026
5.4358315830898345
5.456479918815451
5.477051287616795
5.497546103787517
5.517964778879257
5.538307721718942
5.558575338426155
5.578768032430407
5.59888620448844
5.61893025270139
5.638900572532002
5.658797556821792
5.678621595808121
5.698373077141257
5.718052385901434
5.7376599046157875
5.757196013275302
5.776661089351716
5.796055507814317
5.815379641146767
5.834633859363813
5.853818530028022
