0.0
0.02842144139908528
0.056840079453073546
0.0852531218238632
0.11365779798666917
0.1420513696434314
0.17043114056732592
0.19879446572529022
0.22713875955341126
0.2554615032911654
0.28376025131290017
0.3120326364268059
0.3402763741413431
0.3684892659254409
0.3966692015109012
0.42481416030290314
0.4529222119771639
0.480991516350442
0.5090203226150419
0.5370069680284193
0.5649498761464993
0.592847554684651
0.6206985930839609
0.6485016598531247
0.6762554997484884
0.703958930846763
0.7316108415571744
0.7592101876124338
0.7867559890710862
0.8142473273576365
0.8416833423613584
0.8690632296099298
0.8963862375299212
0.92365166480269
0.9508588578213378
0.9780072082520127
1.0050961507009106
1.0321251604868185
1.059093751517838
1.0860014742700457
1.1128479138651612
1.1396326882438634
1.1663554464310248
1.193015866889025
1.2196136559551523
1.2461485463591309
1.27262029581686
1.2990286856965332
1.325373519753418
1.3516546229297686
1.3778718402164147
1.404025035572847
1.430114090902648
1.4561389050814229
1.4820993930344133
1.507995484861233
1.533827125005252
1.5595942714653044
1.5852968950475539
1.6109349786554463
1.636508516615805
1.6620175140392246
1.6874619862130487
1.7128419580252887
1.738157463417902
1.7634085448680248
1.7885952528957043
1.813717645596865
1.8387757882002294
1.8637697526470292
1.8886996171923611
1.9135654660271506
1.938367388919671
1.9631054808756874
1.9877798418162782
2.0123905762725007
2.036937793096009
2.0614216051849046
2.0858421292240243
2.110199485438946
2.1344937973630533
2.158725191617009
2.182893797699992
2.2069997477921395
2.2310431765676175
2.2550242210178073
2.278943020284049
2.3027997154995385
2.3265944496398414
2.350327367381629
2.373998614969223
2.3976083400885146
2.4211566917479224
2.444643820166011
2.4680698766654325
2.491435013572867
2.5147393841246375
2.537983142377754
2.5611664431260346
2.584289441821117
2.607352294498036
2.6303551577051887
2.6532981884384266
2.6761815440790455
2.6990053823355122
2.721769861188706
2.7444751388404613
2.7671213736653106
2.789708724165175
2.812237348926904
2.834707406582499
2.8571190557718427
2.8794724551078716
2.901767763143968
2.9240051383435333
2.946184739051597
2.9683067234683045
2.9903712496242707
3.0123784753576093
3.0343285582926027
3.056221655819909
3.078057925078201
3.099837522937167
3.1215606059818244
3.1432273304980236
3.164837852459124
3.1863923275137154
3.207890910974413
3.2293337578075563
3.2507210226238525
3.2720528596698553
3.2933294228202485
3.314550865570885
3.335717341032533
3.356829001925289
3.377886000573617
3.3988884889019864
3.4198366184310123
3.440730540274195
3.4615704051350558
3.482356363304791
3.5030885646603105
3.5237671586626806
3.544392294355946
3.5649641203662896
3.5854827849014907
3.605948435750723
3.6263612202845956
3.646721285455465
3.667028777797967
3.687283843429808
3.707486628052704
3.7276372769535597
3.7477359350057777
3.7677827466707527
3.787777855999496
3.807721406634389
3.8276135418110666
3.847454404360404
3.867244136710605
3.8869828808893505
3.9066707785260775
3.9263079708542703
3.945894598713858
3.965430802553637
3.9849167224337405
4.004352498028162
4.023738268627313
4.043074173140554
4.062360350098847
4.081596937657319
4.100784073597884
4.1199218953318875
4.139010539902713
4.158050143988401
4.177040843904277
4.19598277560554
4.214876074689862
4.233720876399962
4.252517315626139
4.271265526908845
4.289965644441145
4.3086178020712405
4.327222133304883
4.345778771307842
4.364287848908241
4.382749498598976
4.401163852539986
4.419531042560562
4.437851200161613
4.456124456517838
4.474350942479936
4.492530788576732
4.510664125017252
4.5287510816928025
4.546791788178959
4.564786373737562
4.582734967318623
4.600637697562221
4.618494692800363
