2.6148349046279344
2.5783641762847203
2.541895739171489
2.5054318829164814
2.46897489394908
2.432527053911839
2.396132721041029
2.359849202058559
2.3237277178218134
2.2877651608081644
2.2519260957006884
2.216305240201319
2.180842411245891
2.145525549038572
2.110321715897862
2.075232707260038
2.0403319379587854
2.005523751813349
1.9707924646528565
1.9361487197999103
1.9016096975495742
1.8672790600865163
1.8331119918681613
1.7991635622399225
1.7655692185699243
1.7323765685701793
1.6997065623902905
1.667468303718738
1.6356511419450683
1.6042874584567972
1.5735319626122595
1.5434626186960432
1.5138416151646361
1.4849056559826954
1.4568411642685948
1.4296910103803662
1.4034429379361473
1.3778990888382951
1.3534349624951199
1.3302629515231479
1.3081777136540504
1.287201494717398
1.2673089912911215
1.2483803014916315
1.2305029725910133
1.2136948208330098
1.197875828299921
1.1830872820187277
1.1691554057078666
1.1561160097643748
1.143952442071403
1.1326414053091458
1.1222321951977003
1.1127780984102091
1.1044558363953074
1.09709077875754
1.0905211391437315
1.084892662404533
1.0802304070440905
1.0765748556519814
1.07356371826013
1.0713270536269728
1.0698910768709051
1.0692859106075494
1.0695470362439428
1.0705737060660772
1.0724124448474164
1.0750297511592677
1.078310487529941
1.0822411986416605
1.0867951119192478
1.0919882470872384
1.0979478617328986
1.1045874405708185
1.111885422009757
1.1199296724281003
1.1286211371809205
1.1380453167295834
1.1481221722312285
1.1589486518836052
1.1704947465111573
1.1825600350781231
1.1951629999496192
1.2083907091194082
1.2221719376383553
1.2365449653937015
1.2513397717892625
1.2665486136907353
1.2821901810198781
1.2984364535812898
1.3152152298060378
1.332311085672869
1.3497852420068472
1.367671610501772
1.3859403349823216
1.4046904904167936
1.423739915234617
1.4431766885266373
1.4629381875096856
1.4830839246362713
1.5036804932638104
1.5246311919250466
1.5458078675288187
1.5672824328725867
1.5889780715134512
1.6110713430069579
1.6333983067964288
1.6559351921862615
1.6788370803862458
1.702026392008246
1.72541603925931
1.7490748770499576
1.7728978439494067
1.7969369589324264
1.8211684575187888
1.8455536073963967
1.8700354754328408
1.8946580334204577
1.9193321911152343
1.944105416739921
1.969036211105922
1.9941822148492703
2.0194713910533686
2.044796409863212
2.070204371032509
2.095668176418517
2.1212750875849156
2.1469442807750387
2.172691480143795
2.1984818387415186
2.2242859576620235
2.250113342831965
2.275992857465985
2.301965280112367
2.3279977402010776
2.3539946036489297
2.379966200839385
2.4059102759131408
2.43182536388086
2.457701793731462
2.483500635963948
2.5092877586289135
2.5350596582431786
2.5608397118642126
2.5866109918309017
2.6123475520171517
2.638089109570273
2.6638159613231345
2.6895625249018615
2.7152693168142257
2.7409179805875294
2.7665335783820013
2.792113066313014
2.817588802527356
2.84297792671878
2.8683135316898825
2.893626464922317
2.918841776682152
2.9439533963943
2.9689617304095726
2.993871048757436
3.0187032772317486
3.043475651346356
3.0681800720806445
3.0927992264481245
3.117323673174431
3.141762528718284
3.166124726539985
3.1903997453307245
3.214581644607037
3.238664422347554
3.262662013820005
3.286567840572443
3.310397185077071
3.3341430658596063
3.3577965272567853
3.381363059802999
3.404833117662367
3.4282071197785604
3.4514950851104618
3.474694408142564
3.497804281389472
3.520823046989238
3.5437537355778153
3.5665964168797317
3.5893538671971776
3.6120223323928946
3.634606374916426
3.6571059082241764
3.679514906871736
3.701832755844362
3.724059868947867
3.746196659284227
3.7682492234748577
3.790214700262218
3.8120910827635437
3.8338787808789108
3.855590430549344
3.877217642957459
3.8987573803958573
