2.6148349046279393
2.5868739396578793
2.5589143244517873
2.530957408044222
2.5030045380122563
2.4750570597500205
2.447127934968123
2.4192139050690753
2.3913092736991226
2.3634153690660695
2.3355387874661835
2.3076808452382944
2.2798430430319745
2.2520436156081924
2.22429969596385
2.196618776401342
2.169014877827428
2.1414910287629545
2.1140286523116982
2.0866786176126912
2.0594796581597175
2.0324182632465395
2.0056029725204305
1.9790118804452155
1.952663329377686
1.9265484415409317
1.9006663984052545
1.875170704541312
1.850114604758467
1.8254766609887971
1.8013397192451512
1.7776924576854098
1.75456769693996
1.7318862873120675
1.7097750316033444
1.6882009979062529
1.6671345321903506
1.6465580212571707
1.6265471454147613
1.60708064597385
1.5881826670834107
1.5698287375616793
1.5521538297488955
1.5351432404769947
1.5188114389438092
1.5030399386275186
1.4877786730110836
1.4731048528790278
1.458974504700695
1.4453612268514415
1.4322834965011457
1.4196906424155697
1.4076689879964144
1.3961937098443888
1.3852507630818178
1.3748428269239803
1.3649287088179454
1.355606868736276
1.3468156321424414
1.3384631722673452
1.3306037453916753
1.3231653036037372
1.316242541660548
1.309890641900967
1.3040043869875193
1.298587060903495
1.2935333870451247
1.288888274824188
1.2846678440479584
1.280929504839932
1.2775338896431785
1.2744688411008553
1.2717183040259645
1.2693746095345442
1.2675284101439446
1.266092492927539
1.2650404103718023
1.2642966437070597
1.2638949711169398
1.2637974099919331
1.2640332457129562
1.264539820397659
1.2653605860829236
1.266447996000452
1.2678387265137956
1.2694786046699662
1.2714016701183413
1.2735795212359322
1.2760551879970963
1.2788205641876784
1.2818728123535492
1.285253848596875
1.2888916418358987
1.2927702545525455
1.2969145651152516
1.3012279493343097
1.3057682373027724
1.3105409040080023
1.3155704531260406
1.3207994906247953
1.3262416957857233
1.3319000887640076
1.3377560638563233
1.343814942810716
1.3500161521178577
1.3564492019226484
1.3630480065392705
1.369878108754106
1.3769020292563365
1.3840895514543223
1.3914490932183081
1.398968253145
1.4066089460538889
1.4144238910699802
1.4224053099511487
1.4304973915986254
1.438716367496627
1.447117440503253
1.4556973184241913
1.4644547515082382
1.4733478207084894
1.48240983487452
1.4915981401569414
1.5008909018846928
1.5103239573680964
1.519922765292661
1.5296586358738937
1.5394948193018203
1.549471129696227
1.5595417396658127
1.5697203402069646
1.5800128793331831
1.5903923748891582
1.6008941295009633
1.611518547419536
1.6222777646584152
1.6331525037953663
1.6441712074676016
1.655299236603103
1.6665387931997222
1.6778797986825968
1.6893578444934518
1.7009766244521587
1.7127064890452914
1.7245274511045137
1.7364310998203507
1.748432221539886
1.7605416206093703
1.7727530444848383
1.7850241898447161
1.7973758983015338
1.8098319075666784
1.8223589270536202
1.834990198807668
1.847726832512246
1.8605455966215674
1.8734471831782153
1.8864492338422725
1.899523457284666
1.912676765431347
1.925881559089842
1.939151828447042
1.9525248811158133
1.9659936958056237
1.9795159479621955
1.9931102191508365
2.006805013960317
2.020571843148197
2.0344251258828976
2.0482983260995957
2.0622325452724444
2.0762243412201182
2.090273383474796
2.104373671971332
2.11853621636957
2.1327275076976986
2.146973278530053
2.161270135258251
2.175633274277224
2.1900873732206514
2.204612975008312
2.2191953408682386
2.233827599429308
2.24854151603008
2.263317765558959
2.2781509464446668
2.293017551222271
2.307928670626698
2.322878206899595
2.3378440299751078
2.3528453014303414
2.3678832660868263
2.382927651761403
2.397984934907656
2.413047892380536
2.428145372907592
2.4432625492656457
2.4584032106755633
2.473537773330258
2.488685329588661
