2.6148349046279247
2.562855617073596
2.5108880376075673
2.4591742664432967
2.407960539277314
2.357402112500282
2.3072812828493086
2.2576410409575702
2.208308215346788
2.1595112933965313
2.111272829985799
2.0637214680115226
2.016968527205644
1.9714020711273357
1.9273625433447945
1.8851051893262285
1.8445824947144576
1.8054653081590288
1.7678258286635158
1.7316538317646617
1.6971213016632765
1.6644692264043803
1.633637677569596
1.6044628073330331
1.5771504480042244
1.5517309511596757
1.528160483590635
1.506501117639706
1.4864355634675244
1.4678008702554064
1.4509018156813582
1.4354535626290674
1.4214484569240875
1.4090738354018963
1.3981408045446246
1.388660907347162
1.3806763880971016
1.3740630671142982
1.368840500716663
1.3653280646987767
1.3630322971897058
1.3618616412097035
1.361868287821221
1.3628820624014368
1.3650170630512612
1.3683321750367605
1.372571633736648
1.3777345331865478
1.383828864077931
1.390891366082554
1.398859548333812
1.4077770200129571
1.4175036647997774
1.4280801528053089
1.4395017910337435
1.4517648367036082
1.4645981545706326
1.4781691449238445
1.4925377605336223
1.507736929789781
1.5235440809791374
1.5399033241534021
1.5568420852123008
1.5744406358296468
1.5926356167031195
1.6113492261445252
1.630639926238998
1.6505453651282824
1.670955917098857
1.6917806283184995
1.7129726875371278
1.7346157693162254
1.7567373070285235
1.77932984819632
1.802337799517644
1.8257373160480674
1.8494475134959234
1.8735420764817734
1.8980827389938395
1.9230966968127523
1.9485025709717427
1.974204802748054
2.0001834848181734
2.0265050531082847
2.0531268144028316
2.0800103395397893
2.1071421086777873
2.134480602025204
2.1620285902187737
2.189833301731237
2.2178190500178663
2.245965560938267
2.274245309064669
2.3026755983540528
2.3312595062823553
2.360048505024871
2.388891918452179
2.4178489901890954
2.446888736674423
2.4760153514184218
2.5052853890078377
2.5346494176572865
2.564039579638507
2.593476873611775
2.62292706692843
2.6524858575167176
2.6820512222727304
2.71161930198127
2.741272133108518
2.7709565199262807
2.8006401427655074
2.8303584503164565
2.860047743656483
2.8897349096454046
2.9193984370380717
2.949023336520519
2.9785761982217385
3.008085148839284
3.0375186774970984
3.066877267611397
3.0962048205231048
3.125543370099976
3.1548710776448416
3.184147939608888
3.213361961283707
3.242498579143223
3.271609476506586
3.3006558550261555
3.329628911269739
3.358508198085731
3.3872801528001446
3.415958900531777
3.44455286041544
3.4730888538725355
3.50154950534414
3.529891548085045
3.558122969149383
3.586237401263139
3.6142315753078122
3.642101682357232
3.66982927249714
3.6974482829762674
3.7249586942707538
3.7523771147456557
3.7796913627730806
3.806889423319603
3.833992102019743
3.860990483508764
3.8879027021025423
3.914705961645559
3.94138835231673
3.967960869819235
3.994422876279933
4.020741424740632
4.0469259490363765
4.072998087486647
4.098970825832328
4.124806566326511
4.150503098920494
4.176061442635168
4.201484539051562
4.226784148466688
4.251969676983233
4.277037854493081
4.301980795071201
4.326794539923097
4.3514844005026125
4.376055588252324
4.400503578823196
4.4248261299756395
4.4490209605005955
4.473095749734549
4.49704791215554
4.52088578480429
4.544606564946978
4.568206455050945
4.591688873073795
4.615049711274115
4.638289836879923
4.661414909798943
4.684424270465086
4.707318151180919
4.730096352003446
4.752761010269313
4.775312775977114
4.797753645617761
4.8200823437507125
4.84230174660084
4.864412399351128
4.886411871270477
4.908300430459538
4.93007885312578
4.951747908899832
4.973311203024713
4.994767855733219
5.016117408450385
5.037360605072158
5.0585042966681035
5.079546964150173
5.100487336170412
