2.6598783300387145
2.6445083481181637
2.629138497721637
2.6137689103647133
2.598399717546065
2.583031050739024
2.5676740733901577
2.5523329916663333
2.5370311294691454
2.521765192229681
2.5065285854898813
2.491354454613092
2.476256255474904
2.4611957779520255
2.446224104502065
2.4313124270992192
2.416447745578381
2.4016168371882416
2.3868199916579425
2.372041942885472
2.357285902887113
2.34255642960127
2.3278384893996957
2.3131406418212124
2.298454114332754
2.2838100103043883
2.269214904830941
2.2547007262779464
2.2402508379964354
2.225899810263288
2.2116676262858217
2.1975175862919354
2.1834509205079815
2.169485030055086
2.1556312782564824
2.141954776370639
2.128399437054261
2.114996879779727
2.1016670806635833
2.0884175145353283
2.0752394482581042
2.0621257218477096
2.049090816694819
2.0361295293515487
2.0232529658801557
2.0104423148073955
1.9976661865538126
1.9849664988078979
1.9723040768037388
1.9596734476558415
1.9470892546546787
1.934538271382481
1.9220210959361208
1.9095561373039514
1.8971397952215967
1.8847617102706642
1.8724493042445496
1.8601923539163498
1.847960026615641
1.8357754023291308
1.8236334519455206
1.8115416588048745
1.7995484319217172
1.7876327601248996
1.7757444117809238
1.7638798687111543
1.7520639511716223
1.7403114863397464
1.7286525894438076
1.7170591734161615
1.7055756029615257
1.6941841709827903
1.6829016806635024
1.6717359630097237
1.6606511038581566
1.6497108801018296
1.638852467769704
1.6280652858437308
1.6173698888359247
1.6067653487802227
1.59630683057227
1.58597326347989
1.5757745785076076
1.565705311436381
1.5557272663631014
1.5459251325406473
1.5362784863609977
1.5268273681669462
1.5175949981399444
1.5085065830296085
1.4995958837008632
1.4908115269384883
1.4821552500464898
1.4736570405857246
1.4653107463855972
1.4571194903092421
1.4490905422001605
1.4412216985025395
1.4335207915857853
1.4259895748183282
1.4186066884541733
1.4113793354248556
1.4042917752622548
1.3973552953690194
1.3906297258246132
1.384091775237055
1.377767780687992
1.3715646427884693
1.3655154885578598
1.3596966496595528
1.3540826972974462
1.348653959770575
1.3434256616521183
1.338389604565064
1.3335470305913841
1.3289137535839197
1.3244497326197264
1.3201501404904608
1.3159855076589246
1.3119828655350076
1.308122519944571
1.304387037374258
1.3008491594742913
1.29747355136383
1.2942623593806855
1.2912668031778203
1.2884373145765784
1.2858122061359385
1.2834142977307104
1.2812107323179953
1.279185083171412
1.2773624191439283
1.27566289145081
1.274049349382189
1.272513578764651
1.2710868049945208
1.269808573422192
1.2686625577338204
1.267665798369358
1.2668131779234684
1.266072601370838
1.265469546139765
1.2649649376919285
1.2645684263194439
1.264268239794791
1.2641133224961487
1.2641104451548455
1.2642175162585054
1.2644409559888534
1.2647423642645312
1.2651822878863026
1.2657136484363942
1.2664025958848633
1.2672721007747756
1.2682677417824928
1.2693676211301883
1.2705984379901358
1.2720348799921133
1.273636032877271
1.2753421622423464
1.277166948007836
1.279173836353394
1.2813021691521695
1.2835552589160755
1.2859277137742882
1.2884665038709076
1.291080756323753
1.293802799820837
1.2966980364421135
1.2997552136148507
1.3029686637764037
1.3062950914223774
1.3096962028082006
1.3131704642843856
1.316682945910256
1.3202685952144193
1.3239791728612604
1.3277901814360715
1.3317212293711729
1.3357610335092227
1.3399159623302725
1.3441815000576482
1.3486036337650547
1.3531986822972686
1.3579440049111549
1.3627886647933616
1.367769316574803
1.3728822393961733
1.3780929280161576
1.3834359971387717
1.3888442217372567
1.3942935800019711
1.3998005466520944
1.405406887852617
1.411120423821898
1.4169255815037216
1.422775834008267
1.4286681527325058
1.434606001467057
1.4406105239961544
