2.659878330038729
2.5865366499873024
2.517259001982658
2.4514322163226296
2.3895798432810995
2.33175461489145
2.2766669380473705
2.2247791945982054
2.1757977043053884
2.1304890339297895
2.0891430131606534
2.0527126691328403
2.020904672010642
1.994006145846871
1.9720415078459552
1.954245121749013
1.9402721483765986
1.9305484262644927
1.9244660428278482
1.9220089880719442
1.9221928833565516
1.924789440807357
1.929426811470228
1.9363796548109171
1.945130505154108
1.955826799731863
1.968252791494108
1.982371076548285
1.9980425910623785
2.0152981563681465
2.034061742317712
2.0540845911419625
2.0754478682468553
2.0977883282848993
2.121073898925655
2.145263290668229
2.170341985960443
2.1962069354717255
2.2228214234088175
2.2501354424989026
2.278123288340527
2.3066893382749387
2.335716266730617
2.365242393794148
2.3953483015135997
2.4257207387167257
2.45652378675079
2.487625930272472
2.518929087085384
2.5504448805178597
2.5823005812144846
2.6144321409803886
2.6468314317150576
2.6794560327824573
2.712279698644583
2.7453704369186025
2.7787265930128537
2.8123404147659166
2.8460139751472404
2.8797438460630747
2.9135406991148978
2.947422903793701
2.981401538422129
3.0153887553159486
3.049399820513037
3.0834903575304677
3.117640691209068
3.1517603944346697
3.1858748530437118
3.2199631977421173
3.2540286558620606
3.288053963244652
3.322035257508419
3.3558955839358138
3.389665793627853
3.423386618733923
3.457029168698536
3.4906170987941723
3.5241607742347365
3.5576475689265847
3.591103543387325
3.624478259002126
3.6577757489358023
3.6909805872170893
3.724047153723142
3.7570043677841114
3.7899119191141493
3.822678457345008
3.8552840051610495
3.8877483754526825
3.920115234214588
3.952388283195617
3.984553743735014
4.016550379487124
4.048452183531042
4.080217506655926
4.111864110020536
4.143354459278228
4.1746400119657485
4.205760670204231
4.236690055393816
4.267451683646303
4.2980635203276
4.328545709547591
4.358908301940932
4.389124476977369
4.4191984205568575
4.449150422444998
4.478955323646234
4.508614726410885
4.538133522731169
4.567539929303822
4.5968162519755795
4.6259747194744465
4.654989599788987
4.6838561016578195
4.712594053656332
4.741178993961918
4.769617088620001
4.79793932134958
4.8261719802684615
4.854281153797934
4.882296761310439
4.9101793158069125
4.937923717457069
4.965550122381889
4.99302602408739
5.020388865532272
5.047621663667271
5.074755324632868
5.101771951275285
5.128658861280876
5.155398575714416
5.181978681683877
5.208429776594815
5.23476458952033
5.2609767776119085
5.287039602411698
5.31296219249775
5.338726939591846
5.3643642986254125
5.3898631075362715
5.415221572561623
5.440459333367388
5.465587738288298
5.490607730412555
5.515482491554024
5.540244128510418
5.56486619615982
5.589373856886389
5.6137402435853
5.637979706673338
5.662089144886413
5.686108578643308
5.710020403159138
5.733810837139664
5.757470692797436
5.781009795317786
5.804413684702484
5.82769518351646
5.850862515600569
5.873916097766286
5.896841594024041
5.9196530058958
5.9423335927433305
5.9648884873696355
5.987332222365565
6.00968399644788
6.031921606237678
6.054066973086174
6.076100033772727
6.098015701899459
6.119821271767474
6.141514760199791
6.163086539660816
6.184544468760214
6.205893749854226
6.2271262221967865
6.2482486359582525
6.269269130217013
6.290179076428099
6.310969109350333
6.331656958842008
6.352233489034438
6.372701172331739
6.393058485851048
6.413315671087155
6.4334656461813005
6.453518175558204
6.4734657135991895
6.493307540508226
6.513039538357653
6.532664047082811
6.552191050006776
6.571632425784895
6.590985984346854
6.610243717122146
6.629403984390796
6.648466368298461
6.667430224945553
