2.659878330038725
2.6108200436280766
2.563062284554736
2.5169456586557186
2.4721445551637715
2.4285164940082726
2.386243503669878
2.3456431319832745
2.3061678478344585
2.2679413885296045
2.2309725967567986
2.195333681523192
2.160970724629583
2.1278715219130624
2.095943915246014
2.0649396370909288
2.0352682705678307
2.007221181047194
1.9806957158369023
1.955820254074164
1.932276762928007
1.9103067834060337
1.8896684613519659
1.8707414171346715
1.8535084910243704
1.8379848252893376
1.8240824897053096
1.8119675313569346
1.8014991089215795
1.7924581826003942
1.7851294458075335
1.7792664875240431
1.7750256007161136
1.7722141013601393
1.770502772771577
1.769974969903433
1.7706659748326752
1.7724715845709647
1.775252252074117
1.7791280921298434
1.7841101270165487
1.7899615991747007
1.7967186314648538
1.8043370878375269
1.8129651762471786
1.822295461648608
1.8324318556063688
1.8432547127985428
1.8547054288747435
1.8668244175012052
1.8798037728619565
1.893513994209686
1.9079333330992867
1.9229419781424721
1.9385927289429343
1.9549292811220367
1.9719380030739984
1.9896380960665436
2.007776895770006
2.0263158741718557
2.0452836320629184
2.0646824231613983
2.084585245350451
2.1048359047030734
2.1254513458157924
2.1464948577329825
2.167911180545045
2.189589259858941
2.2115640215920025
2.2338005350946313
2.2563167975273104
2.279061611022204
2.3020582793438846
2.3251888628847937
2.3484892539887245
2.372045735333368
2.3957910780437173
2.419734080959722
2.4439548343831548
2.468343648986058
2.4929542383888013
2.517738018805641
2.542682259945972
2.567791387348301
2.593003691552246
2.618349893625537
2.6438827556385935
2.6694926087684405
2.695130959157694
2.7208217875619614
2.7466244288415975
2.7725426603448295
2.798557972649204
2.8245948328384882
2.8507477358066713
2.8769447805096378
2.903223880514229
2.9295185376930473
2.955749644758151
2.981980852430274
3.0081683091316727
3.034332989511388
3.060500504504345
3.086688110700773
3.1129166662498
3.1391419981991397
3.1653624465694072
3.1916162426459658
3.217843268269431
3.2440405706891715
3.270224340109532
3.2964422873743984
3.322664564893994
3.34890627910579
3.3751256632806292
3.4013124280439357
3.427486205138304
3.453611198544509
3.4796970286067466
3.5057873160125244
3.5319186964319154
3.55803756293045
3.584183995457945
3.6102903979155614
3.6363544100523537
3.66240374068674
3.688385600228939
3.714348389997744
3.7402712106638263
3.7661980892850817
3.792099893629295
3.817955358286506
3.843736066417395
3.869421242720421
3.8950546688117185
3.92065336430568
3.9462057804835537
3.9716698138399016
3.997057199153533
4.022339602776639
4.047560821884536
4.072702263344571
4.097759420851423
4.122759971838567
4.14771918957663
4.172636771558802
4.197455804737301
4.222222794207754
4.24689644716961
4.271512911398276
4.2960303191035205
4.320468656813179
4.34482176095376
4.3691481772962115
4.393420040041745
4.417615244293976
4.4417186005282945
4.4657434632502335
4.489666783234016
4.51350645862905
4.5372735125284285
4.560967280022905
4.5845649890675855
4.608086395486802
4.631505163014055
4.654827786252992
4.678074879766877
4.7012740771659844
4.724390928365747
4.747457189425898
4.77044165820774
4.793335616085745
4.816148933390694
4.8388775817818725
4.861506083572714
4.88404520714147
4.90650175299631
4.928862493173049
4.951136581942094
4.973335272482263
4.995444681777438
5.017449836708186
5.03937642145317
5.061209835964048
5.082952906686437
5.104602480947835
5.126173066188472
5.147653198104475
5.169056694849314
5.190371422295102
5.211595497588977
5.232721952984367
5.253753519601056
5.274704405485461
5.295591673305816
5.3164112940484065
5.337150522143849
5.357806176285874
5.378376918751155
5.39886108333477
