0
-0.48423753665689145
-0.022727272727272724
0.2752932551319648
-0.11657959905987506
0.30938416422287385
0.42676444346779374
0.34970674486803516
0.7459677419354838
0.6162023460410556
0.5131964809384163
0.4252199413489736
0.347140762463343
0.44134897360703806
0.44065622034581703
0.6253665689149559
0.69208211143695
0.722940155176332
0.7694281524926685
0.7338709677419354
0.8200146627565982
0.7668621700879764
0.7144428152492668
0.7310054104572041
0.8706809678213938
0.775730917014766
0.7976539589442814
0.811217008797654
0.6115490478559105
0.8519061583577712
0.7987536656891494
0.8592375366568914
0.8508844321319812
0.8570381231671553
0.8674610594886597
0.81341642228739
0.8864448758703707
0.8813124406916341
0.8804985337243401
0.9336510263929617
0.8603372434017593
