0
-0.07405370757891434
-0.469941348973607
0.22507331378299117
-0.02456011730205278
0.1499266862170088
0.22216112273674302
0.34750733137829903
0.2602639296187683
0.43662359270538115
0.11363636363636363
0.5098973607038122
0.40285923753665687
0.6584181129293574
0.3192815249266862
0.6268902968314035
0.2892228739002932
0.587663827965345
0.5359728736652117
0.6048387096774194
0.3944281524926686
0.5224085806928364
0.43511730205278587
0.5143433254119645
0.4252199413489736
0.4567448680351906
0.452020898241591
0.594941348973607
0.6675219941348973
0.757400791376421
0.6184017595307917
0.3622032826136999
0.5381231671554252
0.4285583374245093
0.6598845229804249
0.5238269794721407
0.23682522324741914
0.2008797653958944
0.5029325513196481
0.5095774927459947
0.2588213740134333
