0
0.2540322580645161
-0.33467741935483875
0.5894428152492668
0.40835777126099704
0.5491202346041055
0.5359237536656891
0.625366568914956
0.5718475073313782
0.6517595307917888
0.4838709677419355
0.6719208211143695
0.6319648093841642
0.748533724340176
0.593841642228739
0.7602639296187683
0.5901759530791788
0.6975806451612903
0.7214076246334311
0.7346041055718475
0.5883431085043989
0.7133431085043989
0.6609237536656891
0.6649560117302054
0.6502932551319648
0.6187683284457478
0.688049853372434
0.7298387096774194
0.7598973607038123
0.8086510263929618
0.7448680351906158
0.592008797653959
0.7118768328445748
0.6616568914956011
0.7884897360703812
0.6770527859237536
0.5227272727272727
0.5300586510263929
0.6836510263929618
0.6939149560117301
0.5733137829912023
