0
-0.048387096774193505
0.46664222873900296
0.5949413489736071
0.44758064516129037
0.6920821114369502
0.7536656891495601
0.719574780058651
0.8863636363636364
0.8361436950146628
0.8295454545454546
0.8185483870967742
0.7569648093841642
0.7950879765395894
0.7969208211143695
0.8896627565982405
0.8911290322580645
0.8837976539589443
0.907624633431085
0.9321847507331378
0.9505131964809385
0.9439149560117303
0.8999266862170088
0.940982404692082
0.9501466275659824
0.9215542521994134
0.9303519061583578
0.936217008797654
0.9292521994134897
0.9519794721407625
0.9351173020527859
0.9552785923753666
0.9406158357771262
0.940982404692082
0.9420821114369502
0.9450146627565983
0.9604105571847508
0.9472140762463344
0.9556451612903226
0.967375366568915
0.967741935483871
